{
    "camera_angle_x": 0.691111147403717,
    "images": [
        {
            "file_path": "images/view_005.png",
            "rotation": 0.5,
            "transform_matrix": [
                [
                    0.08715568482875824,
                    -0.9961947202682495,
                    -6.332993507385254e-08,
                    4.02196064896998e-07
                ],
                [
                    -0.44551196694374084,
                    -0.03897727280855179,
                    0.8944271206855774,
                    9.734222885526833e-07
                ],
                [
                    -0.891023576259613,
                    -0.07795438170433044,
                    -0.44721370935440063,
                    5.590170860290527
                ],
                [
                    -0.0,
                    0.0,
                    -0.0,
                    1.0
                ]
            ]
        },
        {
            "file_path": "images/view_150.png",
            "rotation": 0.5,
            "transform_matrix": [
                [
                    0.5,
                    0.866025447845459,
                    4.470348358154297e-08,
                    -1.0471017475310873e-07
                ],
                [
                    0.38729843497276306,
                    -0.2236068993806839,
                    0.8944271802902222,
                    9.61086470852024e-07
                ],
                [
                    0.774596631526947,
                    -0.4472135007381439,
                    -0.447213739156723,
                    5.590170383453369
                ],
                [
                    -0.0,
                    0.0,
                    -0.0,
                    1.0
                ]
            ]
        },
        {
            "file_path": "images/view_333.png",
            "rotation": 0.5,
            "transform_matrix": [
                [
                    -0.4539903998374939,
                    -0.891006588935852,
                    -8.940696716308594e-08,
                    -2.8133294449617097e-07
                ],
                [
                    -0.3984704315662384,
                    0.20303067564964294,
                    0.8944271802902222,
                    1.0141131951968418e-06
                ],
                [
                    -0.7969404458999634,
                    0.4060613512992859,
                    -0.447213739156723,
                    5.590170383453369
                ],
                [
                    -0.0,
                    0.0,
                    -0.0,
                    1.0
                ]
            ]
        },
        {
            "file_path": "images/view_087.png",
            "rotation": 0.5,
            "transform_matrix": [
                [
                    0.9986295700073242,
                    -0.0523359589278698,
                    -5.587935447692871e-09,
                    4.104034445617799e-08
                ],
                [
                    -0.023405345156788826,
                    -0.44660061597824097,
                    0.8944272398948669,
                    -2.4043143298513314e-07
                ],
                [
                    -0.04681071266531944,
                    -0.8932014107704163,
                    -0.4472135305404663,
                    5.590169906616211
                ],
                [
                    -0.0,
                    0.0,
                    -0.0,
                    1.0
                ]
            ]
        },
        {
            "file_path": "images/view_124.png",
            "rotation": 0.5,
            "transform_matrix": [
                [
                    0.829037606716156,
                    0.5591928958892822,
                    2.9802322387695312e-08,
                    1.0397585015198274e-09
                ],
                [
                    0.25007858872413635,
                    -0.3707568347454071,
                    0.8944272994995117,
                    -4.2980892089872214e-07
                ],
                [
                    0.500157356262207,
                    -0.7415137887001038,
                    -0.4472135305404663,
                    5.590169906616211
                ],
                [
                    -0.0,
                    0.0,
                    -0.0,
                    1.0
                ]
            ]
        },
        {
            "file_path": "images/view_253.png",
            "rotation": 0.5,
            "transform_matrix": [
                [
                    -0.9563047885894775,
                    0.2923717498779297,
                    1.564621925354004e-07,
                    -1.5192394187124592e-07
                ],
                [
                    0.1307527720928192,
                    0.42767250537872314,
                    0.8944271206855774,
                    2.8028100018673285e-07
                ],
                [
                    0.2615051865577698,
                    0.8553449511528015,
                    -0.44721364974975586,
                    5.590170383453369
                ],
                [
                    -0.0,
                    -0.0,
                    -0.0,
                    1.0
                ]
            ]
        },
        {
            "file_path": "images/view_101.png",
            "rotation": 0.5,
            "transform_matrix": [
                [
                    0.9816272258758545,
                    0.19080902636051178,
                    0.0,
                    -8.235880244455984e-08
                ],
                [
                    0.08533241599798203,
                    -0.43899717926979065,
                    0.8944272398948669,
                    9.588989087205846e-07
                ],
                [
                    0.17066477239131927,
                    -0.8779940009117126,
                    -0.4472137689590454,
                    5.590170860290527
                ],
                [
                    -0.0,
                    0.0,
                    -0.0,
                    1.0
                ]
            ]
        },
        {
            "file_path": "images/view_306.png",
            "rotation": 0.5,
            "transform_matrix": [
                [
                    -0.8090170621871948,
                    -0.5877851843833923,
                    4.470348358154297e-08,
                    2.722196654758591e-07
                ],
                [
                    -0.2628655731678009,
                    0.3618035614490509,
                    0.8944271802902222,
                    8.325590670210659e-07
                ],
                [
                    -0.5257310271263123,
                    0.7236068248748779,
                    -0.4472137689590454,
                    5.590169906616211
                ],
                [
                    0.0,
                    0.0,
                    -0.0,
                    1.0
                ]
            ]
        },
        {
            "file_path": "images/view_117.png",
            "rotation": 0.5,
            "transform_matrix": [
                [
                    0.8910065293312073,
                    0.45399051904678345,
                    4.470348358154297e-08,
                    -2.643691345838306e-07
                ],
                [
                    0.2030307501554489,
                    -0.398470401763916,
                    0.8944271206855774,
                    1.0120896831722348e-06
                ],
                [
                    0.40606147050857544,
                    -0.7969403862953186,
                    -0.4472137689590454,
                    5.590169906616211
                ],
                [
                    -0.0,
                    0.0,
                    -0.0,
                    1.0
                ]
            ]
        },
        {
            "file_path": "images/view_231.png",
            "rotation": 0.5,
            "transform_matrix": [
                [
                    -0.7771458625793457,
                    0.629320502281189,
                    -1.7881393432617188e-07,
                    1.0799636811498203e-06
                ],
                [
                    0.2814406454563141,
                    0.3475503921508789,
                    0.8944271206855774,
                    8.161650839610957e-07
                ],
                [
                    0.5628814101219177,
                    0.6951002478599548,
                    -0.447213739156723,
                    5.590169906616211
                ],
                [
                    -0.0,
                    0.0,
                    0.0,
                    1.0
                ]
            ]
        },
        {
            "file_path": "images/view_013.png",
            "rotation": 0.5,
            "transform_matrix": [
                [
                    0.22495105862617493,
                    -0.9743700623512268,
                    -4.470348713425665e-08,
                    1.1457450455054641e-07
                ],
                [
                    -0.43575170636177063,
                    -0.10060124844312668,
                    0.8944271802902222,
                    9.828643214859767e-07
                ],
                [
                    -0.8715030550956726,
                    -0.20120231807231903,
                    -0.4472137689590454,
                    5.590170860290527
                ],
                [
                    -0.0,
                    0.0,
                    -0.0,
                    1.0
                ]
            ]
        },
        {
            "file_path": "images/view_088.png",
            "rotation": 0.5,
            "transform_matrix": [
                [
                    0.9993908405303955,
                    -0.0348995067179203,
                    7.450580596923828e-09,
                    1.9205632639796022e-08
                ],
                [
                    -0.015607536770403385,
                    -0.4469411075115204,
                    0.8944272994995117,
                    -4.775867523676425e-07
                ],
                [
                    -0.031215066090226173,
                    -0.8938823938369751,
                    -0.4472135603427887,
                    5.590169906616211
                ],
                [
                    -0.0,
                    0.0,
                    -0.0,
                    1.0
                ]
            ]
        },
        {
            "file_path": "images/view_224.png",
            "rotation": 0.5,
            "transform_matrix": [
                [
                    -0.6946582794189453,
                    0.719339907169342,
                    1.341104507446289e-07,
                    5.084584131509473e-07
                ],
                [
                    0.32169878482818604,
                    0.31066063046455383,
                    0.8944271802902222,
                    8.398662316722039e-07
                ],
                [
                    0.6433970332145691,
                    0.6213212609291077,
                    -0.447213739156723,
                    5.590169906616211
                ],
                [
                    -0.0,
                    -0.0,
                    -0.0,
                    1.0
                ]
            ]
        },
        {
            "file_path": "images/view_292.png",
            "rotation": 0.5,
            "transform_matrix": [
                [
                    -0.9271838665008545,
                    -0.37460657954216003,
                    1.4901161193847656e-07,
                    -2.494410864528618e-07
                ],
                [
                    -0.16752910614013672,
                    0.41464945673942566,
                    0.8944271206855774,
                    9.958729378922726e-07
                ],
                [
                    -0.335058331489563,
                    0.8292983770370483,
                    -0.447213739156723,
                    5.590169906616211
                ],
                [
                    0.0,
                    0.0,
                    -0.0,
                    1.0
                ]
            ]
        },
        {
            "file_path": "images/view_167.png",
            "rotation": 0.5,
            "transform_matrix": [
                [
                    0.22495105862617493,
                    0.9743700623512268,
                    4.470348713425665e-08,
                    -1.1457450455054641e-07
                ],
                [
                    0.43575170636177063,
                    -0.10060124844312668,
                    0.8944271802902222,
                    9.828643214859767e-07
                ],
                [
                    0.8715030550956726,
                    -0.20120231807231903,
                    -0.4472137689590454,
                    5.590170860290527
                ],
                [
                    -0.0,
                    0.0,
                    -0.0,
                    1.0
                ]
            ]
        },
        {
            "file_path": "images/view_098.png",
            "rotation": 0.5,
            "transform_matrix": [
                [
                    0.9902680516242981,
                    0.13917315006256104,
                    -1.1175870895385742e-08,
                    -1.3794334563499433e-07
                ],
                [
                    0.062240153551101685,
                    -0.4428614675998688,
                    0.8944271802902222,
                    7.12442613348685e-07
                ],
                [
                    0.1244802325963974,
                    -0.8857225775718689,
                    -0.447213739156723,
                    5.590169429779053
                ],
                [
                    -0.0,
                    0.0,
                    -0.0,
                    1.0
                ]
            ]
        },
        {
            "file_path": "images/view_033.png",
            "rotation": 0.5,
            "transform_matrix": [
                [
                    0.5446390509605408,
                    -0.838670551776886,
                    0.0,
                    -2.533292331463599e-07
                ],
                [
                    -0.37506499886512756,
                    -0.24357007443904877,
                    0.8944271802902222,
                    7.94642005530477e-07
                ],
                [
                    -0.7501296997070312,
                    -0.4871399402618408,
                    -0.4472137689590454,
                    5.590169906616211
                ],
                [
                    -0.0,
                    0.0,
                    -0.0,
                    1.0
                ]
            ]
        },
        {
            "file_path": "images/view_170.png",
            "rotation": 0.5,
            "transform_matrix": [
                [
                    0.17364810407161713,
                    0.9848077297210693,
                    1.4901161193847656e-08,
                    -4.627163150416891e-07
                ],
                [
                    0.44041937589645386,
                    -0.0776577889919281,
                    0.8944272398948669,
                    -4.488924787438009e-07
                ],
                [
                    0.880838930606842,
                    -0.1553155928850174,
                    -0.4472135305404663,
                    5.590170383453369
                ],
                [
                    -0.0,
                    0.0,
                    -0.0,
                    1.0
                ]
            ]
        },
        {
            "file_path": "images/view_063.png",
            "rotation": 0.5,
            "transform_matrix": [
                [
                    0.8910065293312073,
                    -0.45399051904678345,
                    -4.470348358154297e-08,
                    2.643691345838306e-07
                ],
                [
                    -0.2030307501554489,
                    -0.398470401763916,
                    0.8944271206855774,
                    1.0120896831722348e-06
                ],
                [
                    -0.40606147050857544,
                    -0.7969403862953186,
                    -0.4472137689590454,
                    5.590169906616211
                ],
                [
                    -0.0,
                    0.0,
                    -0.0,
                    1.0
                ]
            ]
        },
        {
            "file_path": "images/view_210.png",
            "rotation": 0.5,
            "transform_matrix": [
                [
                    -0.4999997615814209,
                    0.866025447845459,
                    2.3841855067985307e-07,
                    2.9321594752218516e-07
                ],
                [
                    0.3872983753681183,
                    0.22360648214817047,
                    0.8944271206855774,
                    -3.0971489195508184e-07
                ],
                [
                    0.774596631526947,
                    0.4472135305404663,
                    -0.44721347093582153,
                    5.590169429779053
                ],
                [
                    -0.0,
                    -0.0,
                    -0.0,
                    1.0
                ]
            ]
        },
        {
            "file_path": "images/view_061.png",
            "rotation": 0.5,
            "transform_matrix": [
                [
                    0.8746196031570435,
                    -0.48480966687202454,
                    -2.9802318834981634e-08,
                    4.0753982943897427e-07
                ],
                [
                    -0.21681351959705353,
                    -0.3911418616771698,
                    0.8944270610809326,
                    8.454270528091001e-07
                ],
                [
                    -0.4336269199848175,
                    -0.7822834253311157,
                    -0.44721367955207825,
                    5.590169429779053
                ],
                [
                    -0.0,
                    0.0,
                    -0.0,
                    1.0
                ]
            ]
        },
        {
            "file_path": "images/view_307.png",
            "rotation": 0.5,
            "transform_matrix": [
                [
                    -0.7986356616020203,
                    -0.6018149256706238,
                    -2.980232594040899e-08,
                    1.0239051562166424e-06
                ],
                [
                    -0.26913976669311523,
                    0.35716068744659424,
                    0.8944272398948669,
                    -3.090772509040107e-07
                ],
                [
                    -0.53827965259552,
                    0.714321494102478,
                    -0.4472135305404663,
                    5.590170383453369
                ],
                [
                    -0.0,
                    0.0,
                    -0.0,
                    1.0
                ]
            ]
        },
        {
            "file_path": "images/view_196.png",
            "rotation": 0.5,
            "transform_matrix": [
                [
                    -0.27563735842704773,
                    0.9612616896629333,
                    -4.470348358154297e-08,
                    1.1718270798155572e-07
                ],
                [
                    0.429889440536499,
                    0.12326885014772415,
                    0.8944271206855774,
                    9.988768852053909e-07
                ],
                [
                    0.8597785234451294,
                    0.24653750658035278,
                    -0.447213739156723,
                    5.590169906616211
                ],
                [
                    -0.0,
                    0.0,
                    0.0,
                    1.0
                ]
            ]
        },
        {
            "file_path": "images/view_069.png",
            "rotation": 0.5,
            "transform_matrix": [
                [
                    0.9335803985595703,
                    -0.35836803913116455,
                    2.9802322387695312e-08,
                    2.7810898473035195e-07
                ],
                [
                    -0.16026714444160461,
                    -0.4175099730491638,
                    0.8944271802902222,
                    7.104695214366075e-07
                ],
                [
                    -0.3205340802669525,
                    -0.8350196480751038,
                    -0.447213739156723,
                    5.590169906616211
                ],
                [
                    -0.0,
                    0.0,
                    -0.0,
                    1.0
                ]
            ]
        },
        {
            "file_path": "images/view_209.png",
            "rotation": 0.5,
            "transform_matrix": [
                [
                    -0.4848097860813141,
                    0.8746196627616882,
                    -2.3841860752327193e-07,
                    5.587438511867049e-09
                ],
                [
                    0.391141802072525,
                    0.21681378781795502,
                    0.8944271206855774,
                    9.61014961831097e-07
                ],
                [
                    0.78228360414505,
                    0.4336269199848175,
                    -0.447213739156723,
                    5.590169906616211
                ],
                [
                    -0.0,
                    0.0,
                    0.0,
                    1.0
                ]
            ]
        },
        {
            "file_path": "images/view_248.png",
            "rotation": 0.5,
            "transform_matrix": [
                [
                    -0.9271838665008545,
                    0.37460657954216003,
                    -1.4901161193847656e-07,
                    2.494410864528618e-07
                ],
                [
                    0.16752910614013672,
                    0.41464945673942566,
                    0.8944271206855774,
                    9.958729378922726e-07
                ],
                [
                    0.335058331489563,
                    0.8292983770370483,
                    -0.447213739156723,
                    5.590169906616211
                ],
                [
                    -0.0,
                    0.0,
                    0.0,
                    1.0
                ]
            ]
        },
        {
            "file_path": "images/view_358.png",
            "rotation": 0.5,
            "transform_matrix": [
                [
                    -0.03489946201443672,
                    -0.9993908405303955,
                    1.8347054719924927e-07,
                    -6.484874575107824e-07
                ],
                [
                    -0.4469413161277771,
                    0.015607682056725025,
                    0.8944271802902222,
                    7.257410175043333e-07
                ],
                [
                    -0.8938822746276855,
                    0.031214943155646324,
                    -0.447213739156723,
                    5.590169906616211
                ],
                [
                    0.0,
                    0.0,
                    -0.0,
                    1.0
                ]
            ]
        },
        {
            "file_path": "images/view_258.png",
            "rotation": 0.5,
            "transform_matrix": [
                [
                    -0.9781475067138672,
                    0.2079116553068161,
                    1.5646217832454568e-07,
                    -4.019976245217549e-07
                ],
                [
                    0.09298107773065567,
                    0.4374408721923828,
                    0.8944270610809326,
                    2.8277861474634847e-07
                ],
                [
                    0.1859617978334427,
                    0.8748816847801208,
                    -0.4472135901451111,
                    5.590169429779053
                ],
                [
                    -0.0,
                    -0.0,
                    -0.0,
                    1.0
                ]
            ]
        },
        {
            "file_path": "images/view_046.png",
            "rotation": 0.5,
            "transform_matrix": [
                [
                    0.7193397879600525,
                    -0.6946583390235901,
                    1.0430811414607888e-07,
                    -4.992475624021608e-07
                ],
                [
                    -0.3106606602668762,
                    -0.321698397397995,
                    0.8944271802902222,
                    -3.400656112262368e-07
                ],
                [
                    -0.6213212609291077,
                    -0.6433970928192139,
                    -0.44721347093582153,
                    5.590169906616211
                ],
                [
                    -0.0,
                    0.0,
                    -0.0,
                    1.0
                ]
            ]
        },
        {
            "file_path": "images/view_226.png",
            "rotation": 0.5,
            "transform_matrix": [
                [
                    -0.719339907169342,
                    0.6946582794189453,
                    -2.9802322387695312e-08,
                    -5.468078256853914e-07
                ],
                [
                    0.3106606900691986,
                    0.32169872522354126,
                    0.8944271206855774,
                    9.226760084857233e-07
                ],
                [
                    0.6213212013244629,
                    0.6433970928192139,
                    -0.447213739156723,
                    5.590170383453369
                ],
                [
                    -0.0,
                    0.0,
                    0.0,
                    1.0
                ]
            ]
        },
        {
            "file_path": "images/view_340.png",
            "rotation": 0.5,
            "transform_matrix": [
                [
                    -0.3420203626155853,
                    -0.9396925568580627,
                    1.1920928955078125e-07,
                    6.789906024096126e-07
                ],
                [
                    -0.42024338245391846,
                    0.1529562920331955,
                    0.8944271206855774,
                    8.961605999502353e-07
                ],
                [
                    -0.8404865264892578,
                    0.30591219663619995,
                    -0.447213739156723,
                    5.590170383453369
                ],
                [
                    0.0,
                    0.0,
                    -0.0,
                    1.0
                ]
            ]
        },
        {
            "file_path": "images/view_342.png",
            "rotation": 0.5,
            "transform_matrix": [
                [
                    -0.3090169131755829,
                    -0.9510565400123596,
                    6.705522537231445e-08,
                    -6.624365482821304e-07
                ],
                [
                    -0.42532551288604736,
                    0.1381966769695282,
                    0.8944271802902222,
                    8.460183380520903e-07
                ],
                [
                    -0.8506507873535156,
                    0.2763931155204773,
                    -0.4472137689590454,
                    5.590169906616211
                ],
                [
                    0.0,
                    0.0,
                    -0.0,
                    1.0
                ]
            ]
        },
        {
            "file_path": "images/view_336.png",
            "rotation": 0.5,
            "transform_matrix": [
                [
                    -0.4067365527153015,
                    -0.9135454893112183,
                    0.0,
                    -4.089316973932e-07
                ],
                [
                    -0.40855008363723755,
                    0.18189817667007446,
                    0.8944271206855774,
                    8.716091315363883e-07
                ],
                [
                    -0.8170998692512512,
                    0.3637962341308594,
                    -0.447213739156723,
                    5.590169906616211
                ],
                [
                    -0.0,
                    0.0,
                    -0.0,
                    1.0
                ]
            ]
        },
        {
            "file_path": "images/view_126.png",
            "rotation": 0.5,
            "transform_matrix": [
                [
                    0.8090169429779053,
                    0.5877853035926819,
                    -8.940696716308594e-08,
                    -2.600789628104394e-07
                ],
                [
                    0.26286572217941284,
                    -0.36180347204208374,
                    0.8944270610809326,
                    9.553741620038636e-07
                ],
                [
                    0.5257311463356018,
                    -0.7236067056655884,
                    -0.44721370935440063,
                    5.590169429779053
                ],
                [
                    -0.0,
                    0.0,
                    -0.0,
                    1.0
                ]
            ]
        },
        {
            "file_path": "images/view_206.png",
            "rotation": 0.5,
            "transform_matrix": [
                [
                    -0.4383711516857147,
                    0.8987940549850464,
                    7.450580596923828e-08,
                    -1.7379625205649063e-07
                ],
                [
                    0.4019530713558197,
                    0.19604553282260895,
                    0.8944271802902222,
                    9.878016271613888e-07
                ],
                [
                    0.8039057850837708,
                    0.3920910358428955,
                    -0.44721370935440063,
                    5.590170383453369
                ],
                [
                    -0.0,
                    -0.0,
                    -0.0,
                    1.0
                ]
            ]
        },
        {
            "file_path": "images/view_211.png",
            "rotation": 0.5,
            "transform_matrix": [
                [
                    -0.5150380730628967,
                    0.8571673035621643,
                    -5.960464477539063e-08,
                    1.4329988573535957e-07
                ],
                [
                    0.38333678245544434,
                    0.23033201694488525,
                    0.8944272398948669,
                    -3.6794423863284464e-07
                ],
                [
                    0.7666738033294678,
                    0.4606640040874481,
                    -0.4472135007381439,
                    5.590169906616211
                ],
                [
                    -0.0,
                    0.0,
                    0.0,
                    1.0
                ]
            ]
        },
        {
            "file_path": "images/view_343.png",
            "rotation": 0.5,
            "transform_matrix": [
                [
                    -0.2923717796802521,
                    -0.9563047885894775,
                    -2.2351743567128324e-08,
                    2.6146969389628794e-07
                ],
                [
                    -0.4276726543903351,
                    0.13075265288352966,
                    0.8944271206855774,
                    9.642834584155935e-07
                ],
                [
                    -0.8553449511528015,
                    0.26150524616241455,
                    -0.447213739156723,
                    5.590170383453369
                ],
                [
                    -0.0,
                    0.0,
                    -0.0,
                    1.0
                ]
            ]
        },
        {
            "file_path": "images/view_178.png",
            "rotation": 0.5,
            "transform_matrix": [
                [
                    0.03489961475133896,
                    0.9993908405303955,
                    -1.3224781980625266e-07,
                    9.154064173344523e-07
                ],
                [
                    0.4469411373138428,
                    -0.015607461333274841,
                    0.8944272994995117,
                    -4.913679276796756e-07
                ],
                [
                    0.8938824534416199,
                    -0.031215224415063858,
                    -0.4472135901451111,
                    5.590170383453369
                ],
                [
                    -0.0,
                    0.0,
                    -0.0,
                    1.0
                ]
            ]
        },
        {
            "file_path": "images/view_312.png",
            "rotation": 0.5,
            "transform_matrix": [
                [
                    -0.7431449294090271,
                    -0.6691305041313171,
                    1.341104507446289e-07,
                    3.08268738535844e-07
                ],
                [
                    -0.299244225025177,
                    0.3323447108268738,
                    0.8944271206855774,
                    8.329585057254008e-07
                ],
                [
                    -0.598488450050354,
                    0.6646889448165894,
                    -0.44721370935440063,
                    5.590169906616211
                ],
                [
                    0.0,
                    0.0,
                    -0.0,
                    1.0
                ]
            ]
        },
        {
            "file_path": "images/view_275.png",
            "rotation": 0.5,
            "transform_matrix": [
                [
                    -0.9961946606636047,
                    -0.0871557891368866,
                    -1.5273690223693848e-07,
                    1.038624688476375e-07
                ],
                [
                    -0.03897737339138985,
                    0.44551166892051697,
                    0.8944272398948669,
                    -9.526427788841829e-07
                ],
                [
                    -0.07795444130897522,
                    0.8910236954689026,
                    -0.44721344113349915,
                    5.590170383453369
                ],
                [
                    -0.0,
                    0.0,
                    -0.0,
                    1.0
                ]
            ]
        },
        {
            "file_path": "images/view_241.png",
            "rotation": 0.5,
            "transform_matrix": [
                [
                    -0.874619722366333,
                    0.484809547662735,
                    -5.960464477539063e-08,
                    -3.979338316639769e-07
                ],
                [
                    0.21681344509124756,
                    0.39114201068878174,
                    0.8944271206855774,
                    9.145458079728996e-07
                ],
                [
                    0.43362683057785034,
                    0.7822836637496948,
                    -0.44721370935440063,
                    5.590169906616211
                ],
                [
                    -0.0,
                    0.0,
                    0.0,
                    1.0
                ]
            ]
        },
        {
            "file_path": "images/view_325.png",
            "rotation": 0.5,
            "transform_matrix": [
                [
                    -0.5735766887664795,
                    -0.8191518783569336,
                    1.4901161193847656e-08,
                    1.3414470458883443e-06
                ],
                [
                    -0.36633598804473877,
                    0.256511390209198,
                    0.8944271206855774,
                    8.788546210780623e-07
                ],
                [
                    -0.7326716780662537,
                    0.5130225419998169,
                    -0.447213739156723,
                    5.590169906616211
                ],
                [
                    0.0,
                    0.0,
                    -0.0,
                    1.0
                ]
            ]
        },
        {
            "file_path": "images/view_064.png",
            "rotation": 0.5,
            "transform_matrix": [
                [
                    0.8987940549850464,
                    -0.43837109208106995,
                    -4.470348358154297e-08,
                    -8.736831347277985e-08
                ],
                [
                    -0.19604554772377014,
                    -0.4019530415534973,
                    0.8944271206855774,
                    1.0400594874226954e-06
                ],
                [
                    -0.3920910060405731,
                    -0.8039057850837708,
                    -0.44721370935440063,
                    5.590170383453369
                ],
                [
                    -0.0,
                    0.0,
                    -0.0,
                    1.0
                ]
            ]
        },
        {
            "file_path": "images/view_207.png",
            "rotation": 0.5,
            "transform_matrix": [
                [
                    -0.4539903998374939,
                    0.891006588935852,
                    8.940696716308594e-08,
                    2.8133294449617097e-07
                ],
                [
                    0.3984704315662384,
                    0.20303067564964294,
                    0.8944271802902222,
                    1.0141131951968418e-06
                ],
                [
                    0.7969404458999634,
                    0.4060613512992859,
                    -0.447213739156723,
                    5.590170383453369
                ],
                [
                    -0.0,
                    -0.0,
                    -0.0,
                    1.0
                ]
            ]
        },
        {
            "file_path": "images/view_189.png",
            "rotation": 0.5,
            "transform_matrix": [
                [
                    -0.15643444657325745,
                    0.9876883029937744,
                    -8.940696716308594e-08,
                    2.650045303198567e-07
                ],
                [
                    0.4417078197002411,
                    0.06995971500873566,
                    0.8944271206855774,
                    9.8389205049898e-07
                ],
                [
                    0.8834152817726135,
                    0.13991916179656982,
                    -0.447213739156723,
                    5.590169906616211
                ],
                [
                    -0.0,
                    0.0,
                    0.0,
                    1.0
                ]
            ]
        },
        {
            "file_path": "images/view_245.png",
            "rotation": 0.5,
            "transform_matrix": [
                [
