[{"id": 0, "img_name": "view_326", "width": 1920, "height": 1080, "position": [4.145187693687411, -2.795964695843726, 1.4999999865415077], "rotation": [[0.559192844796905, 0.23822215242628278, -0.7940739653036886], [0.8290376426883409, -0.16068290789700773, 0.5356096514469387], [-3.186914850835474e-08, -0.9578263308951852, -0.28734786059928824]], "fy": 2666.666724233206, "fx": 2666.666724233206}, {"id": 1, "img_name": "view_133", "width": 1920, "height": 1080, "position": [-3.409991659087468, 3.6567686111489266, 1.5000000308054053], "rotation": [[-0.7313538512337041, -0.19597064123657715, 0.6532357688904752], [-0.6819981123100259, 0.21015290323335284, -0.7005099971198248], [5.7891021211958845e-09, -0.9578263256363237, -0.28734776885359126]], "fy": 2666.666724233206, "fx": 2666.666724233206}, {"id": 2, "img_name": "view_051", "width": 1920, "height": 1080, "position": [3.1466021108927884, 3.885729435190353, 1.4999999387671166], "rotation": [[-0.7771460655022757, 0.1808338564845061, -0.6027795633648814], [0.6293202314340066, 0.22331139820636633, -0.7443708844963925], [8.126100070903074e-08, -0.9578262599106647, -0.28734797800501133]], "fy": 2666.666724233206, "fx": 2666.666724233206}, {"id": 3, "img_name": "view_241", "width": 1920, "height": 1080, "position": [-2.424047962405153, -4.373098220147629, 1.500000046792856], "rotation": [[0.8746196934460457, -0.1393089972090828, 0.46436346449426263], [-0.4848096783836034, -0.25131998790236365, 0.8377337603411733], [-1.5410181235126938e-08, -0.9578263881209577, -0.28734778905596037]], "fy": 2666.666724233206, "fx": 2666.666724233206}, {"id": 4, "img_name": "view_305", "width": 1920, "height": 1080, "position": [2.8678825029550934, -4.095760183697799, 1.4999999712730099], "rotation": [[0.8191519868917168, 0.16481598611134785, -0.5493867353528185], [0.5735765369679505, -0.235381437291788, 0.7846053168269028], [4.935913918956906e-08, -0.9578262686196364, -0.28734776022706277]], "fy": 2666.666724233206, "fx": 2666.666724233206}, {"id": 5, "img_name": "view_093", "width": 1920, "height": 1080, "position": [-0.26167975245772407, 4.99314780720603, 1.4999999121513954], "rotation": [[-0.9986295496242467, -0.015038746680030482, 0.05012881206066905], [-0.05233604880759694, 0.28695416800455165, -0.9565135930249764], [9.3330469035618e-08, -0.9578262613956723, -0.28734797305498305]], "fy": 2666.666724233206, "fx": 2666.666724233206}, {"id": 6, "img_name": "view_136", "width": 1920, "height": 1080, "position": [-3.5966987990085255, 3.4732918395212335, 1.500000035351553], "rotation": [[-0.6946584856482823, -0.20670065400595763, 0.6890024893509273], [-0.7193396763226014, 0.19960868540495222, -0.6653620787672379], [-9.822056075892288e-08, -0.9578263317666237, -0.2873478576944595]], "fy": 2666.666724233206, "fx": 2666.666724233206}, {"id": 7, "img_name": "view_235", "width": 1920, "height": 1080, "position": [-2.8678825029550934, -4.095760183697799, 1.4999999712730099], "rotation": [[0.8191519868917168, -0.16481598611134785, 0.5493867353528185], [-0.5735765369679505, -0.235381437291788, 0.7846053168269028], [-4.935913918956906e-08, -0.9578262686196364, -0.28734776022706277]], "fy": 2666.666724233206, "fx": 2666.666724233206}, {"id": 8, "img_name": "view_170", "width": 1920, "height": 1080, "position": [-4.924039140825197, 0.8682409586057244, 1.5000001036756099], "rotation": [[-0.17364840782500596, -0.28298242256326206, 0.9432746864579584], [-0.9848076935200133, 0.049897353939457885, -0.16632505626381605], [1.5684878435465856e-07, -0.9578262686453121, -0.2873478396143111]], "fy": 2666.666724233206, "fx": 2666.666724233206}, {"id": 9, "img_name": "view_295", "width": 1920, "height": 1080, "position": [2.1130912403510047, -4.531538895791749, 1.5000001288146252], "rotation": [[0.9063077547153818, 0.12143847024423816, -0.4047948639024388], [0.4226182596782281, -0.26042559262398113, 0.8680854136474075], [4.128208856825158e-09, -0.9578263305596338, -0.287347861717795]], "fy": 2666.666724233206, "fx": 2666.666724233206}, {"id": 10, "img_name": "view_040", "width": 1920, "height": 1080, "position": [3.8302221950523223, 3.2139381005149787, 1.500000085848051], "rotation": [[-0.6427876237106249, 0.2201211122333024, -0.7337375212762294], [0.7660444150706779, 0.18470360861391388, -0.6156788954801773], [5.047203255037952e-08, -0.9578262693664108, -0.2873477577378147]], "fy": 2666.666724233206, "fx": 2666.666724233206}, {"id": 11, "img_name": "view_255", "width": 1920, "height": 1080, "position": [-1.29409526721364, -4.829629241068501, 1.500000165989668], "rotation": [[0.9659257899853636, -0.07437106541783951, 0.2479037897492265], [-0.25881914328476124, -0.27755663441028533, 0.925189170020173], [2.844939601450862e-08, -0.9578263246359062, -0.2873477721883141]], "fy": 2666.666724233206, "fx": 2666.666724233206}, {"id": 12, "img_name": "view_358", "width": 1920, "height": 1080, "position": [4.996953992471322, -0.17449748312398633, 1.5000001556210887], "rotation": [[0.0348994938993444, 0.2871728101288842, -0.957242774763991], [0.9993908137762967, -0.010028253800817358, 0.033427661203506515], [4.286566944655394e-08, -0.9578263288898722, -0.28734786728366185]], "fy": 2666.666724233206, "fx": 2666.666724233206}, {"id": 13, "img_name": "view_262", "width": 1920, "height": 1080, "position": [-0.6958655142820268, -4.951340355028145, 1.499999974093807], "rotation": [[0.9902680177208669, -0.039991101768423826, 0.13330367907904223], [-0.1391731274765442, -0.2845513913304751, 0.9485047772965518], [-8.212905660031162e-09, -0.9578262735205197, -0.28734785316602124]], "fy": 2666.666724233206, "fx": 2666.666724233206}, {"id": 14, "img_name": "view_234", "width": 1920, "height": 1080, "position": [-2.938926272269829, -4.045084839460101, 1.5000000281920045], "rotation": [[0.8090169121720672, -0.16889872292357194, 0.5629963525069498], [-0.587785347706204, -0.23246909785450207, 0.7748976552035228], [1.6908406933360086e-08, -0.9578263397632478, -0.2873476422908159]], "fy": 2666.666724233206, "fx": 2666.666724233206}, {"id": 15, "img_name": "view_031", "width": 1920, "height": 1080, "position": [4.285836652925424, 2.575190375020885, 1.5000000645226945], "rotation": [[-0.5150380194521924, 0.2463052552462998, -0.8210173719402645], [0.857167332274375, 0.14799499390415438, -0.4933170428836188], [-1.0621105178378743e-07, -0.9578263299778819, -0.2873478636569249]], "fy": 2666.666724233206, "fx": 2666.666724233206}, {"id": 16, "img_name": "view_014", "width": 1920, "height": 1080, "position": [4.851478448213812, 1.209609516861217, 1.50000009439552], "rotation": [[-0.24192198319249264, 0.2788124769312983, -0.9293746717348128], [0.9702957392508832, 0.06951551755720554, -0.23171931791851674], [-2.797189693204763e-07, -0.9578263202548649, -0.28734786626443626]], "fy": 2666.666724233206, "fx": 2666.666724233206}, {"id": 17, "img_name": "view_316", "width": 1920, "height": 1080, "position": [3.5966993581232125, -3.4732920603423203, 1.5000001089808193], "rotation": [[0.694658205672575, 0.20670064488074727, -0.689002720695914], [0.7193398809520297, -0.19960838047986687, 0.6653619639454881], [2.2919152346464458e-08, -0.9578263465005042, -0.28734761983327284]], "fy": 2666.666724233206, "fx": 2666.666724233206}, {"id": 18, "img_name": "view_125", "width": 1920, "height": 1080, "position": [-2.867882344137065, 4.09576030193365, 1.5000001063327077], "rotation": [[-0.8191521757290572, -0.1648159571626032, 0.5493865072925103], [-0.5735763099307236, 0.23538161939930627, -0.7846055551367922], [3.695203277498395e-08, -0.9578263897217689, -0.2873478929951781]], "fy": 2666.666724233206, "fx": 2666.666724233206}, {"id": 19, "img_name": "view_177", "width": 1920, "height": 1080, "position": [-4.993147799082255, 0.26167978114910956, 1.4999999603269465], "rotation": [[-0.052336058958257776, -0.28695396391479805, 0.956513655657573], [-0.9986295481161066, 0.015038683273879581, -0.05012885060278274], [-3.4665868255249466e-08, -0.9578263274376312, -0.2873477628492264]], "fy": 2666.666724233206, "fx": 2666.666724233206}, {"id": 20, "img_name": "view_244", "width": 1920, "height": 1080, "position": [-2.1918554576618376, -4.493969862115392, 1.4999997622621295], "rotation": [[0.8987940120246037, -0.12596495428259052, 0.4198834452925345], [-0.4383711645546939, -0.258266444281463, 0.8608885713078126], [3.950492950357973e-09, -0.9578262762017976, -0.2873477349531898]], "fy": 2666.666724233206, "fx": 2666.666724233206}, {"id": 21, "img_name": "view_267", "width": 1920, "height": 1080, "position": [-0.2616797672211615, -4.99314820241098, 1.5000000895960524], "rotation": [[0.9986294987029978, -0.01503861409149568, 0.05012876239276801], [-0.05233596507525525, -0.28695380901232564, 0.9565136889266693], [-5.60196859815084e-10, -0.9578263520635523, -0.2873476310920846]], "fy": 2666.666724233206, "fx": 2666.666724233206}, {"id": 22, "img_name": "view_242", "width": 1920, "height": 1080, "position": [-2.3473578326611597, -4.4147382834885285, 1.50000002776033], "rotation": [[0.8829475304710062, -0.13490167192978372, 0.4496722389285401], [-0.4694715812149241, -0.2537129946067624, 0.845710477515026], [-6.668669871059994e-08, -0.957826322721179, -0.28734777857072996]], "fy": 2666.666724233206, "fx": 2666.666724233206}, {"id": 23, "img_name": "view_055", "width": 1920, "height": 1080, "position": [2.867882344137065, 4.09576030193365, 1.5000001063327077], "rotation": [[-0.8191521757290572, 0.1648159571626032, -0.5493865072925103], [0.5735763099307236, 0.23538161939930627, -0.7846055551367922], [-3.695203277498395e-08, -0.9578263897217689, -0.2873478929951781]], "fy": 2666.666724233206, "fx": 2666.666724233206}, {"id": 24, "img_name": "view_336", "width": 1920, "height": 1080, "position": [4.567727204878393, -2.0336831721027124, 1.500000087865899], "rotation": [[0.40673646197311514, 0.26250520335433436, -0.8750179398179609], [0.9135455137701728, -0.11687462776075158, 0.38958295361613215], [1.4360186651980864e-07, -0.9578263369558133, -0.28734765164886333]], "fy": 2666.666724233206, "fx": 2666.666724233206}, {"id": 25, "img_name": "view_120", "width": 1920, "height": 1080, "position": [-2.500000181221152, 4.330127448212232, 1.5000001537427843], "rotation": [[-0.8660253670632044, -0.1436739548134467, 0.4789131840593874], [-0.5000000309207296, 0.2488503983295775, -0.8295019005329864], [6.850907528498268e-08, -0.9578262695903909, -0.28734775699120224]], "fy": 2666.666724233206, "fx": 2666.666724233206}, {"id": 26, "img_name": "view_303", "width": 1920, "height": 1080, "position": [2.723194747723572, -4.193352456219073, 1.4999997791814934], "rotation": [[0.8386705501651576, 0.1565007841057736, -0.5216696813519599], [0.5446391035245327, -0.2409900976690745, 0.8033006574047277], [-2.9376405965313112e-08, -0.9578262752063129, -0.2873477382714679]], "fy": 2666.666724233206, "fx": 2666.666724233206}, {"id": 27, "img_name": "view_075", "width": 1920, "height": 1080, "position": [1.2940955031693464, 4.829629342143039, 1.500000273263858], "rotation": [[-0.9659257849318726, 0.07437118231844005, -0.24790376840887537], [0.25881913234229137, 0.2775565975647845, -0.9251891161931833], [-9.454643358369434e-08, -0.9578262573753401, -0.28734776790572963]], "fy": 2666.666724233206, "fx": 2666.666724233206}, {"id": 28, "img_name": "view_046", "width": 1920, "height": 1080, "position": [3.473292048591526, 3.5966992522853167, 1.50000004702353], "rotation": [[-0.7193398687541128, 0.19960858030198142, -0.6653619190416342], [0.694658280026321, 0.2067007319434305, -0.6890026479252818], [-3.9517753091205637e-08, -0.9578262796894939, -0.28734783260276653]], "fy": 2666.666724233206, "fx": 2666.666724233206}, {"id": 29, "img_name": "view_009", "width": 1920, "height": 1080, "position": [4.938441660824888, 0.782172395118996, 1.4999999292653083], "rotation": [[-0.15643457664797936, 0.2838100150862766, -0.9460338478459518], [0.9876882802386698, 0.04495107994367808, -0.1498371773095917], [-5.4737577817595394e-08, -0.9578262712034135, -0.2873477516144676]], "fy": 2666.666724233206, "fx": 2666.666724233206}, {"id": 30, "img_name": "view_339", "width": 1920, "height": 1080, "position": [4.667902005974078, -1.7918397705735016, 1.5000000083982465], "rotation": [[0.3583677468584075, 0.26826247685646065, -0.8942078852521558], [0.9335805526459531, -0.10297626871586055, 0.3432540311169814], [-1.0617382650577366e-08, -0.9578262517106497, -0.2873479755360891]], "fy": 2666.666724233206, "fx": 2666.666724233206}, {"id": 31, "img_name": "view_094", "width": 1920, "height": 1080, "position": [-0.3487824388039111, 4.9878205577461765, 1.5000000811896297], "rotation": [[-0.9975641425976722, -0.02004436065033569, 0.06681459601906323], [-0.06975647334901024, 0.28664772393849863, -0.9554931856491321], [5.641639572985112e-10, -0.957826454949748, -0.28734765570016074]], "fy": 2666.666724233206, "fx": 2666.666724233206}, {"id": 32, "img_name": "view_223", "width": 1920, "height": 1080, "position": [-3.6567686533376142, -3.4099917765952363, 1.499999956782312], "rotation": [[0.681998245131139, -0.21015283283649952, 0.7005097789141154], [-0.731353739443359, -0.19597063585554278, 0.6532359081066846], [-1.2859125549338334e-08, -0.957826220145368, -0.28734772312583023]], "fy": 2666.666724233206, "fx": 2666.666724233206}, {"id": 33, "img_name": "view_112", "width": 1920, "height": 1080, "position": [-1.8730329188388113, 4.635919068253221, 1.4999999633255108], "rotation": [[-0.927183931623874, -0.10764224230737912, 0.3588079729567023], [-0.3746064764357369, 0.26642422334451005, -0.8880810787487134], [-9.76077804242064e-08, -0.9578262733651766, -0.28734774440856414]], "fy": 2666.666724233206, "fx": 2666.666724233206}, {"id": 34, "img_name": "view_258", "width": 1920, "height": 1080, "position": [-1.0395585272012593, -4.89073859251119, 1.5000002213555175], "rotation": [[0.9781476978729783, -0.05974294686899784, 0.19914331406747127], [-0.20791169675274218, -0.2810685190000961, 0.9368956188347632], [1.2069489354091647e-08, -0.9578263972218398, -0.28734778852200166]], "fy": 2666.666724233206, "fx": 2666.666724233206}, {"id": 35, "img_name": "view_089", "width": 1920, "height": 1080, "position": [0.08726203090414733, 4.999238413808865, 1.5000000023807651], "rotation": [[-0.9998477379745571, 0.005014975069851737, -0.016716410540604625], [0.01745245866506058, 0.287304134448838, -0.9576804710542198], [-4.973159274337841e-08, -0.9578263828897206, -0.28734788596634164]], "fy": 2666.666724233206, "fx": 2666.666724233206}, {"id": 36, "img_name": "view_110", "width": 1920, "height": 1080, "position": [-1.710100538916716, 4.698462554283544, 1.4999999914587294], "rotation": [[-0.9396925813186388, -0.09827888606492148, 0.32759589985795556], [-0.3420201933606372, 0.27001860883626894, -0.9000622548931311], [1.2011603902679496e-07, -0.957826325147568, -0.2873478797579637]], "fy": 2666.666724233206, "fx": 2666.666724233206}, {"id": 37, "img_name": "view_101", "width": 1920, "height": 1080, "position": [-0.9540450494110797, 4.908136112294965, 1.5000001684430895], "rotation": [[-0.9816271323611857, -0.05482855369930355, 0.18276188465953017], [-0.19080900893561553, 0.28206838511182736, -0.940228286874239], [8.476945961694882e-09, -0.9578263149245538, -0.287347774757183]], "fy": 2666.666724233206, "fx": 2666.666724233206}, {"id": 38, "img_name": "view_026", "width": 1920, "height": 1080, "position": [4.493969959031316, 2.191855496942827, 1.5000000198703578], "rotation": [[-0.4383713320796312, 0.2582664990373557, -0.8608884113051205], [0.8987939027084424, 0.12596508836373185, -0.4198835520798843], [7.445157067351529e-09, -0.9578262636240734, -0.2873478563518584]], "fy": 2666.666724233206, "fx": 2666.666724233206}, {"id": 39, "img_name": "view_337", "width": 1920, "height": 1080, "position": [4.6025245712469935, -1.953655716997397, 1.5000001929645714], "rotation": [[0.39073107370400323, 0.2645049778168629, -0.8816838544986756], [0.9205048884568727, -0.11227575977140493, 0.3742525035001353], [-6.352773534242341e-08, -0.9578263298380927, -0.2873477846499969]], "fy": 2666.666724233206, "fx": 2666.666724233206}, {"id": 40, "img_name": "view_128", "width": 1920, "height": 1080, "position": [-3.078307536246159, 3.940053840132933, 1.5000000781251195], "rotation": [[-0.7880107850391611, -0.17690898115831355, 0.5896967345180648], [-0.6156614394227624, 0.22643323505976135, -0.7547774489712713], [-1.3214976563740262e-08, -0.957826327382676, -0.28734787230765424]], "fy": 2666.666724233206, "fx": 2666.666724233206}, {"id": 41, "img_name": "view_038", "width": 1920, "height": 1080, "position": [3.9400536158716246, 3.07830726021046, 1.4999999635428043], "rotation": [[-0.6156615740631978, 0.22643313900636103, -0.7547772509742208], [0.788010612782753, 0.17690891082304244, -0.5896969245664769], [-8.758501046683575e-08, -0.9578263285757772, -0.2873477590553775]], "fy": 2666.666724233206, "fx": 2666.666724233206}, {"id": 42, "img_name": "view_220", "width": 1920, "height": 1080, "position": [-3.8302221919738937, -3.213937835301525, 1.5000000396710702], "rotation": [[0.6427876206054356, -0.22012120960405399, 0.733737529120313], [-0.7660444080858334, -0.18470367745064528, 0.6156787914767844], [5.750887378674439e-08, -0.957826268127874, -0.2873478413391775]], "fy": 2666.666724233206, "fx": 2666.666724233206}, {"id": 43, "img_name": "view_243", "width": 1920, "height": 1080, "position": [-2.2699527063804417, -4.45503308816873, 1.5000001041853301], "rotation": [[0.8910065248002489, -0.13045322751230323, 0.4348440861800887], [-0.45399055631639607, -0.2560286742559229, 0.8534294744683076], [-7.741699513177203e-08, -0.9578262665055626, -0.28734776727396855]], "fy": 2666.666724233206, "fx": 2666.666724233206}, {"id": 44, "img_name": "view_285", "width": 1920, "height": 1080, "position": [1.29409526721364, -4.829629241068501, 1.500000165989668], "rotation": [[0.9659257899853636, 0.07437106541783951, -0.2479037897492265], [0.25881914328476124, -0.27755663441028533, 0.925189170020173], [-2.844939601450862e-08, -0.9578263246359062, -0.2873477721883141]], "fy": 2666.666724233206, "fx": 2666.666724233206}, {"id": 45, "img_name": "view_226", "width": 1920, "height": 1080, "position": [-3.473292246034156, -3.596699241150181, 1.5000002174503337], "rotation": [[0.7193396481850652, -0.1996084106163679, 0.66536220801521], [-0.6946584551809126, -0.20670057772863282, 0.6890024962686879], [5.889367972940374e-08, -0.957826348721633, -0.28734764223181664]], "fy": 2666.666724233206, "fx": 2666.666724233206}, {"id": 46, "img_name": "view_076", "width": 1920, "height": 1080, "position": [1.2096095805673575, 4.85147849647876, 1.5000000173563055], "rotation": [[-0.9702956806284679, 0.06951571502088871, -0.23171911450314997], [0.2419218594014556, 0.27881252609957863, -0.9293747023573965], [2.9019113587332735e-08, -0.9578261978935976, -0.2873479562441293]], "fy": 2666.666724233206, "fx": 2666.666724233206}, {"id": 47, "img_name": "view_145", "width": 1920, "height": 1080, "position": [-4.095759834496407, 2.8678822079197346, 1.4999999575797205], "rotation": [[-0.5735764684230525, -0.23538159641892722, 0.7846053270082212], [-0.8191520170183699, 0.16481596387081152, -0.5493866767782649], [2.5486081254604724e-08, -0.9578263283841602, -0.28734786896937126]], "fy": 2666.666724233206, "fx": 2666.666724233206}, {"id": 48, "img_name": "view_057", "width": 1920, "height": 1080, "position": [2.723194741330722, 4.193352720566076, 1.4999999623527327], "rotation": [[-0.8386706026895515, 0.15650088202753162, -0.5216695640965994], [0.5446390500702578, 0.24099031832996737, -0.8033007097627267], [3.9210916555962045e-08, -0.9578262595501645, -0.28734797920669797]], "fy": 2666.666724233206, "fx": 2666.666724233206}, {"id": 49, "img_name": "view_002", "width": 1920, "height": 1080, "position": [4.9969536909446095, 0.17449746530904572, 1.499999924201271], "rotation": [[-0.03489958173316993, 0.2871726998471754, -0.9572428282086612], [0.9993908075869063, 0.01002830777379074, -0.03342773906621839], [-8.674428572871013e-09, -0.9578262684102923, -0.2873477609248861]], "fy": 2666.666724233206, "fx": 2666.666724233206}, {"id": 50, "img_name": "view_159", "width": 1920, "height": 1080, "position": [-4.667902104897883, 1.7918397072915013, 1.4999999447437804], "rotation": [[-0.35836804422072693, -0.2682622201119791, 0.8942078547955787], [-0.9335803837035402, 0.10297623943955009, -0.3432543336750834], [1.625556903043187e-09, -0.9578262743312268, -0.2873477411884284]], "fy": 2666.666724233206, "fx": 2666.666724233206}, {"id": 51, "img_name": "view_163", "width": 1920, "height": 1080, "position": [-4.781523677828091, 1.461858487629615, 1.4999999187774042], "rotation": [[-0.29237164466331156, -0.2747920940232082, 0.9159738439418097], [-0.9563047643391809, 0.08401250673074177, -0.2800411800081247], [-1.5773791867806954e-07, -0.9578262709563987, -0.28734783191068863]], "fy": 2666.666724233206, "fx": 2666.666724233206}, {"id": 52, "img_name": "view_282", "width": 1920, "height": 1080, "position": [1.0395585272012593, -4.89073859251119, 1.5000002213555175], "rotation": [[0.9781476978729783, 0.05974294686899784, -0.19914331406747127], [0.20791169675274218, -0.2810685190000961, 0.9368956188347632], [-1.2069489354091647e-08, -0.9578263972218398, -0.28734778852200166]], "fy": 2666.666724233206, "fx": 2666.666724233206}, {"id": 53, "img_name": "view_332", "width": 1920, "height": 1080, "position": [4.414738290978837, -2.347357804259631, 1.4999998349719663], "rotation": [[0.4694713811528871, 0.25371302759408054, -0.8457105573939862], [0.882947688164423, -0.13490150726330186, 0.44967208517320867], [2.468758123368619e-08, -0.9578262827692527, -0.2873477428639775]], "fy": 2666.666724233206, "fx": 2666.666724233206}, {"id": 54, "img_name": "view_307", "width": 1920, "height": 1080, "position": [3.009075155350642, -3.993177697216517, 1.5000000642405624], "rotation": [[0.7986353761755215, 0.17293019485998534, -0.5764343287510078], [0.601815096042899, -0.22948610544752543, 0.764953971491851], [-3.965237366760359e-08, -0.9578263295743601, -0.28734775572679333]], "fy": 2666.666724233206, "fx": 2666.666724233206}, {"id": 55, "img_name": "view_175", "width": 1920, "height": 1080, "position": [-4.980974004351038, 0.43577875268792265, 1.5000001837693078], "rotation": [[-0.0871558894364512, -0.28625429722218476, 0.9541814855558377], [-0.996194649897304, 0.025044048637555848, -0.0834802054159825], [3.626776084596786e-09, -0.9578262635794746, -0.2873477770276218]], "fy": 2666.666724233206, "fx": 2666.666724233206}, {"id": 56, "img_name": "view_005", "width": 1920, "height": 1080, "position": [4.980974004351038, 0.43577875268792265, 1.5000001837693078], "rotation": [[-0.0871558894364512, 0.28625429722218476, -0.9541814855558377], [0.996194649897304, 0.025044048637555848, -0.0834802054159825], [-3.626776084596786e-09, -0.9578262635794746, -0.2873477770276218]], "fy": 2666.666724233206, "fx": 2666.666724233206}, {"id": 57, "img_name": "view_253", "width": 1920, "height": 1080, "position": [-1.461858775757582, -4.78152394430697, 1.5000001605574544], "rotation": [[0.9563046764988303, -0.08401237585709591, 0.28004138065290224], [-0.29237175316231057, -0.27479201047154383, 0.9159737862399504], [5.894510885433166e-09, -0.9578263267188423, -0.2873477652451947]], "fy": 2666.666724233206, "fx": 2666.666724233206}, {"id": 58, "img_name": "view_017", "width": 1920, "height": 1080, "position": [4.781523677828091, 1.461858487629615, 1.4999999187774042], "rotation": [[-0.29237164466331156, 0.2747920940232082, -0.9159738439418097], [0.9563047643391809, 0.08401250673074177, -0.2800411800081247], [1.5773791867806954e-07, -0.9578262709563987, -0.28734783191068863]], "fy": 2666.666724233206, "fx": 2666.666724233206}, {"id": 59, "img_name": "view_019", "width": 1920, "height": 1080, "position": [4.727592447189852, 1.6278404772797939, 1.4999998679404656], "rotation": [[-0.3255682352228329, 0.2716926621346711, -0.9056425359865365], [0.9455185547401456, 0.0935512254806978, -0.3118378057365313], [-7.720345964362066e-08, -0.9578263290455421, -0.28734775748950614]], "fy": 2666.666724233206, "fx": 2666.666724233206}, {"id": 60, "img_name": "view_325", "width": 1920, "height": 1080, "position": [4.095760130103944, -2.867881835164068, 1.4999997486994738], "rotation": [[0.5735762836384876, 0.235381445562078, -0.7846055430620201], [0.8191521345344241, -0.1648157363289984, 0.5493864849978526], [5.7958011014514024e-08, -0.9578263542552393, -0.28734762378644446]], "fy": 2666.666724233206, "fx": 2666.666724233206}, {"id": 61, "img_name": "view_194", "width": 1920, "height": 1080, "position": [-4.851478703095797, -1.2096095332377326, 1.5000001651212551], "rotation": [[0.24192190387123874, -0.27881238700319944, 0.9293747694563229], [-0.9702957217149897, -0.06951581820635358, 0.23171913650294915], [8.167792433432271e-08, -0.9578263279262702, -0.28734787049565225]], "fy": 2666.666724233206, "fx": 2666.666724233206}, {"id": 62, "img_name": "view_022", "width": 1920, "height": 1080, "position": [4.635919073418749, 1.8730329957732932, 1.499999986691527], "rotation": [[-0.3746067198089725, 0.266424270344614, -0.8880809895712837], [0.927183796571985, 0.10764252144912458, -0.3588081329394322], [9.081510509474152e-08, -0.9578263262771362, -0.28734784619044174]], "fy": 2666.666724233206, "fx": 2666.666724233206}, {"id": 63, "img_name": "view_166", "width": 1920, "height": 1080, "position": [-4.851478448213812, 1.209609516861217, 1.50000009439552], "rotation": [[-0.24192198319249264, -0.2788124769312983, 0.9293746717348128], [-0.9702957392508832, 0.06951551755720554, -0.23171931791851674], [2.797189693204763e-07, -0.9578263202548649, -0.28734786626443626]], "fy": 2666.666724233206, "fx": 2666.666724233206}, {"id": 64, "img_name": "view_218", "width": 1920, "height": 1080, "position": [-3.9400538008027652, -3.078307703270489, 1.5000001266315484], "rotation": [[0.615661383420215, -0.22643312589732867, 0.7547774946179255], [-0.7880108287931419, -0.17690896832066816, 0.5896967484463262], [4.1054961127548494e-08, -0.957826322595999, -0.2873477789880072]], "fy": 2666.666724233206, "fx": 2666.666724233206}, {"id": 65, "img_name": "view_182", "width": 1920, "height": 1080, "position": [-4.996953992471322, -0.17449748312398633, 1.5000001556210887], "rotation": [[0.0348994938993444, -0.2871728101288842, 0.957242774763991], [-0.9993908137762967, -0.010028253800817358, 0.033427661203506515], [-4.286566944655394e-08, -0.9578263288898722, -0.28734786728366185]], "fy": 2666.666724233206, "fx": 2666.666724233206}, {"id": 66, "img_name": "view_270", "width": 1920, "height": 1080, "position": [-9.184850188805837e-16, -5.000000117036334, 1.4999999728818094], "rotation": [[1.0, -5.278490156569694e-17, 1.759498442972941e-16], [-1.836970260257094e-16, -0.2873477667500004, 0.9578263262674007], [2.4465379146618642e-23, -0.9578263262674008, -0.2873477667500003]], "fy": 2666.666724233206, "fx": 2666.666724233206}, {"id": 67, "img_name": "view_069", "width": 1920, "height": 1080, "position": [1.7918396659083036, 4.667902005987734, 1.4999999866033522], "rotation": [[-0.9335804718743311, 0.10297633841733707, -0.34325419083535597], [0.3583679337372787, 0.26826244771298796, -0.8942078159834188], [-3.3363902973404706e-08, -0.9578262527160637, -0.2873479721847065]], "fy": 2666.666724233206, "fx": 2666.666724233206}, {"id": 68, "img_name": "view_070", "width": 1920, "height": 1080, "position": [1.710100538916716, 4.698462554283544, 1.4999999914587294], "rotation": [[-0.9396925813186388, 0.09827888606492148, -0.32759589985795556], [0.3420201933606372, 0.27001860883626894, -0.9000622548931311], [-1.2011603902679496e-07, -0.957826325147568, -0.2873478797579637]], "fy": 2666.666724233206, "fx": 2666.666724233206}, {"id": 69, "img_name": "view_097", "width": 1920, "height": 1080, "position": [-0.6093466942341463, 4.962731081086115, 1.5000000233511628], "rotation": [[-0.9925461185999629, -0.03501883268734827, 0.11672960459142064], [-0.12186927499970955, 0.2852061336788566, -0.9506867320213485], [-5.504784190320534e-08, -0.9578262000538887, -0.287347949043155]], "fy": 2666.666724233206, "fx": 2666.666724233206}, {"id": 70, "img_name": "view_202", "width": 1920, "height": 1080, "position": [-4.635919484306961, -1.8730331475618271, 1.500000206059279], "rotation": [[0.37460639241216115, -0.26642432928201226, 0.8880810986113935], [-0.9271839300487795, -0.10764237651397578, 0.3588078661889908], [2.9326679349577524e-08, -0.9578263263383885, -0.28734784598629126]], "fy": 2666.666724233206, "fx": 2666.666724233206}, {"id": 71, "img_name": "view_024", "width": 1920, "height": 1080, "position": [4.567726947737453, 2.033683203872041, 1.4999998462505626], "rotation": [[-0.4067369056283409, 0.26250500115794095, -0.875017841707034], [0.9135453092921212, 0.11687503984367918, -0.38958327802448356], [1.892832805175928e-07, -0.9578263492598118, -0.2873476404377737]], "fy": 2666.666724233206, "fx": 2666.666724233206}, {"id": 72, "img_name": "view_064", "width": 1920, "height": 1080, "position": [2.1918556958230178, 4.493970397649444, 1.4999999944071527], "rotation": [[-0.8987940613635947, 0.1259650419532967, -0.41988338043249734], [0.43837112299941494, 0.2582666591491498, -0.8608885553787018], [1.1821073176777282e-08, -0.9578262598955903, -0.28734797805528434]], "fy": 2666.666724233206, "fx": 2666.666724233206}, {"id": 73, "img_name": "view_088", "width": 1920, "height": 1080, "position": [0.1744974779732045, 4.996954115142423, 1.5000001866791142], "rotation": [[-0.9993908168166372, 0.010028238791338706, -0.033427619977971966], [0.034899451538779894, 0.2871729270821148, -0.9572427666940787], [4.905298677652374e-08, -0.9578262583876721, -0.2873479830816695]], "fy": 2666.666724233206, "fx": 2666.666724233206}, {"id": 74, "img_name": "view_190", "width": 1920, "height": 1080, "position": [-4.924038982040754, -0.8682409297690189, 1.5000001794299531], "rotation": [[0.17364798829196748, -0.2829822811669297, 0.943274852878286], [-0.984807784087225, -0.049897440947714346, 0.16632458989269222], [8.37817369915298e-08, -0.9578263274500435, -0.28734779261015525]], "fy": 2666.666724233206, "fx": 2666.666724233206}, {"id": 75, "img_name": "view_318", "width": 1920, "height": 1080, "position": [3.7157244284374613, -3.345653321440541, 1.5000001252558888], "rotation": [[0.6691304819880175, 0.21354093526703832, -0.7118037472806014], [0.7431448719075834, -0.1922730633940291, 0.6409108481004016], [2.1373281627377186e-08, -0.9578263411619408, -0.287347637628502]], "fy": 2666.666724233206, "fx": 2666.666724233206}, {"id": 76, "img_name": "view_212", "width": 1920, "height": 1080, "position": [-4.240240816874577, -2.6495964062365784, 1.5000000301684784], "rotation": [[0.5299190259150628, -0.243684862451073, 0.8122828416396339], [-0.8480481816752513, -0.15227102766235495, 0.5075704077850786], [-6.869027464543554e-08, -0.9578262788699863, -0.28734783533444425]], "fy": 2666.666724233206, "fx": 2666.666724233206}, {"id": 77, "img_name": "view_334", "width": 1920, "height": 1080, "position": [4.493970745101687, -2.1918558306569134, 1.500000122895916], "rotation": [[0.4383709879939482, 0.258266385821909, -0.8608888066655579], [0.8987942434946208, -0.12596490365312232, 0.41988325557381134], [-5.874285471773227e-08, -0.9578264597740667, -0.28734766942140066]], "fy": 2666.666724233206, "fx": 2666.666724233206}, {"id": 78, "img_name": "view_314", "width": 1920, "height": 1080, "position": [3.473292246034156, -3.596699241150181, 1.5000002174503337], "rotation": [[0.7193396481850652, 0.1996084106163679, -0.66536220801521], [0.6946584551809126, -0.20670057772863282, 0.6890024962686879], [-5.889367972940374e-08, -0.957826348721633, -0.28734764223181664]], "fy": 2666.666724233206, "fx": 2666.666724233206}, {"id": 79, "img_name": "view_090", "width": 1920, "height": 1080, "position": [-1.2101194222705449e-14, 5.00000008563631, 1.5000000256910198], "rotation": [[-0.9999999999999564, 1.8191658894583615e-07, -1.0306924104769212e-07], [1.5099580223934905e-07, 0.28734797372573856, -0.957826261194431], [-1.4462774605129965e-07, -0.9578262611944203, -0.28734797372578097]], "fy": 2666.666724233206, "fx": 2666.666724233206}, {"id": 80, "img_name": "view_171", "width": 1920, "height": 1080, "position": [-4.938441660824888, 0.782172395118996, 1.4999999292653083], "rotation": [[-0.15643457664797936, -0.2838100150862766, 0.9460338478459518], [-0.9876882802386698, 0.04495107994367808, -0.1498371773095917], [5.4737577817595394e-08, -0.9578262712034135, -0.2873477516144676]], "fy": 2666.666724233206, "fx": 2666.666724233206}, {"id": 81, "img_name": "view_158", "width": 1920, "height": 1080, "position": [-4.635919073418749, 1.8730329957732932, 1.499999986691527], "rotation": [[-0.3746067198089725, -0.266424270344614, 0.8880809895712837], [-0.927183796571985, 0.10764252144912458, -0.3588081329394322], [-9.081510509474152e-08, -0.9578263262771362, -0.28734784619044174]], "fy": 2666.666724233206, "fx": 2666.666724233206}, {"id": 82, "img_name": "view_036", "width": 1920, "height": 1080, "position": [4.045085135694714, 2.9389261392683785, 1.500000079054152], "rotation": [[-0.5877854117025942, 0.23246927083425978, -0.7748976337424196], [0.8090168656759489, 0.16889888388489677, -0.5629963263293122], [2.9223486833866216e-09, -0.9578263297809853, -0.28734786431329035]], "fy": 2666.666724233206, "fx": 2666.666724233206}, {"id": 83, "img_name": "view_029", "width": 1920, "height": 1080, "position": [4.3730982391230135, 2.424048103646727, 1.4999998300444397], "rotation": [[-0.48480978232469735, 0.25132015379379413, -0.8377336559389098], [0.8746196293563749, 0.13930915739073252, -0.46436354510747224], [3.945989802506754e-08, -0.9578262605248713, -0.2873479759576757]], "fy": 2666.666724233206, "fx": 2666.666724233206}, {"id": 84, "img_name": "view_095", "width": 1920, "height": 1080, "position": [-0.4357787177273968, 4.980973795789449, 1.5000000140863716], "rotation": [[-0.9961946939495492, -0.025043878373001198, 0.08347999083081563], [-0.08715563923671014, 0.286254329420737, -0.9541814622835386], [-1.05928462690507e-07, -0.9578262628891002, -0.28734774952651065]], "fy": 2666.666724233206, "fx": 2666.666724233206}, {"id": 85, "img_name": "view_045", "width": 1920, "height": 1080, "position": [3.5355338460530596, 3.53553377879872, 1.5000001174420652], "rotation": [[-0.7071067720494746, 0.20318558434938017, -0.6772854840357433], [0.707106754922208, 0.20318564796083455, -0.6772854027232384], [4.036936019207238e-08, -0.9578263318523168, -0.28734785740884455]], "fy": 2666.666724233206, "fx": 2666.666724233206}, {"id": 86, "img_name": "view_309", "width": 1920, "height": 1080, "position": [3.1466021380693254, -3.885729861827287, 1.4999998758001396], "rotation": [[0.7771459316297044, 0.18083376179655514, -0.6027797019953929], [0.6293204247548191, -0.22331113668237643, 0.7443708209178999], [-7.499142303651646e-08, -0.9578262822547796, -0.2873477445788799]], "fy": 2666.666724233206, "fx": 2666.666724233206}, {"id": 87, "img_name": "view_324", "width": 1920, "height": 1080, "position": [4.045085437964045, -2.938926507514665, 1.5000001231300013], "rotation": [[0.5877851732936085, 0.23246926471820245, -0.7748978139822764], [0.8090170332975541, -0.1688988618114731, 0.5629960780176809], [-6.861263722835619e-08, -0.957826274564086, -0.2873478496874489]], "fy": 2666.666724233206, "fx": 2666.666724233206}, {"id": 88, "img_name": "view_296", "width": 1920, "height": 1080, "position": [2.1918554576618376, -4.493969862115392, 1.4999997622621295], "rotation": [[0.8987940120246037, 0.12596495428259052, -0.4198834452925345], [0.4383711645546939, -0.258266444281463, 0.8608885713078126], [-3.950492950357973e-09, -0.9578262762017976, -0.2873477349531898]], "fy": 2666.666724233206, "fx": 2666.666724233206}, {"id": 89, "img_name": "view_151", "width": 1920, "height": 1080, "position": [-4.3730982391230135, 2.424048103646727, 1.4999998300444397], "rotation": [[-0.48480978232469735, -0.25132015379379413, 0.8377336559389098], [-0.8746196293563749, 0.13930915739073252, -0.46436354510747224], [-3.945989802506754e-08, -0.9578262605248713, -0.2873479759576757]], "fy": 2666.666724233206, "fx": 2666.666724233206}, {"id": 90, "img_name": "view_329", "width": 1920, "height": 1080, "position": [4.285837073441243, -2.575190416367725, 1.5000000966328186], "rotation": [[0.5150379871926708, 0.24630518905388193, -0.8210174450936655], [0.8571673636813699, -0.14799509274751052, 0.49331688340473795], [-3.2333851936876977e-08, -0.95782633093741, -0.28734786045853694]], "fy": 2666.666724233206, "fx": 2666.666724233206}, {"id": 91, "img_name": "view_240", "width": 1920, "height": 1080, "position": [-2.5000000993733678, -4.330127614159994, 1.5000002259663938], "rotation": [[0.8660254147905501, -0.14367388927297667, 0.4789131650992111], [-0.5000000078592034, -0.248850428657221, 0.8295019323228096], [-1.2210510230386217e-08, -0.957826332344583, -0.28734777629504]], "fy": 2666.666724233206, "fx": 2666.666724233206}, {"id": 92, "img_name": "view_058", "width": 1920, "height": 1080, "position": [2.64959634286481, 4.240240546505152, 1.5000000436197045], "rotation": [[-0.8480481464483501, 0.1522710537633381, -0.5075704987945878], [0.5299191180726873, 0.24368476541655362, -0.8122828671103639], [3.178397458625139e-08, -0.9578263297361062, -0.28734775518763966]], "fy": 2666.666724233206, "fx": 2666.666724233206}, {"id": 93, "img_name": "view_181", "width": 1920, "height": 1080, "position": [-4.999238091942804, -0.08726204517610262, 1.4999999859213833], "rotation": [[0.017452263603350646, -0.28730397000463465, 0.9576803575651914], [-0.9998476851235069, -0.005014879300526798, 0.016716235043285926], [9.831086418427508e-09, -0.9578262037325681, -0.2873477480328747]], "fy": 2666.666724233206, "fx": 2666.666724233206}, {"id": 94, "img_name": "view_050", "width": 1920, "height": 1080, "position": [3.213937908581621, 3.8302221607250915, 1.4999999624525087], "rotation": [[-0.766044388599716, 0.18470363353568195, -0.615678842307476], [0.6427875842234486, 0.22012122567441914, -0.7337374950144003], [-6.359592676013005e-09, -0.9578262150699345, -0.28734781951686017]], "fy": 2666.666724233206, "fx": 2666.666724233206}, {"id": 95, "img_name": "view_086", "width": 1920, "height": 1080, "position": [0.3487824388039111, 4.9878205577461765, 1.5000000811896297], "rotation": [[-0.9975641425976722, 0.02004436065033569, -0.06681459601906323], [0.06975647334901024, 0.28664772393849863, -0.9554931856491321], [-5.641639572985112e-10, -0.957826454949748, -0.28734765570016074]], "fy": 2666.666724233206, "fx": 2666.666724233206}, {"id": 96, "img_name": "view_061", "width": 1920, "height": 1080, "position": [2.42404829770577, 4.37309876018358, 1.500000224719612], "rotation": [[-0.8746198069652291, 0.13930889776150412, -0.4643633485570819], [0.48480954487384526, 0.2513201832753431, -0.8377338377724097], [1.0371819971739437e-07, -0.9578263273941078, -0.28734787226951247]], "fy": 2666.666724233206, "fx": 2666.666724233206}, {"id": 97, "img_name": "view_261", "width": 1920, "height": 1080, "position": [-0.7821723235731932, -4.938441642591324, 1.499999924938949], "rotation": [[0.9876883810573063, -0.044951093751297314, 0.1498370300176205], [-0.1564344654448007, -0.2838101273857551, 0.9460338303627017], [1.2450912852626162e-08, -0.957826329123646, -0.2873478665044213]], "fy": 2666.666724233206, "fx": 2666.666724233206}, {"id": 98, "img_name": "view_104", "width": 1920, "height": 1080, "position": [-1.2096095805673575, 4.85147849647876, 1.5000000173563055], "rotation": [[-0.9702956806284679, -0.06951571502088871, 0.23171911450314997], [-0.2419218594014556, 0.27881252609957863, -0.9293747023573965], [-2.9019113587332735e-08, -0.9578261978935976, -0.2873479562441293]], "fy": 2666.666724233206, "fx": 2666.666724233206}, {"id": 99, "img_name": "view_266", "width": 1920, "height": 1080, "position": [-0.34878235545065184, -4.987820030203247, 1.4999999853651365], "rotation": [[0.997564142720332, -0.020044381975886538, 0.0668145816433243], [-0.0697564790454779, -0.2866479572205486