{
    "camera_angle_x": 0.691111147403717,
    "images": [
        {
            "file_path": "images/view_000.png",
            "rotation": 0.5,
            "transform_matrix": [
                [
                    -4.371139183945161e-08,
                    1.0,
                    -1.5187256963145046e-07,
                    5.98238329985179e-07
                ],
                [
                    -0.4472135603427887,
                    1.1629063578766363e-07,
                    0.8944272398948669,
                    -2.384184938364342e-07
                ],
                [
                    0.8944272398948669,
                    1.0701612751518041e-07,
                    0.4472135603427887,
                    -5.590169906616211
                ],
                [
                    -0.0,
                    -0.0,
                    -0.0,
                    1.0
                ]
            ]
        },
        {
            "file_path": "images/view_001.png",
            "rotation": 0.5,
            "transform_matrix": [
                [
                    -0.01745258830487728,
                    0.9998476505279541,
                    1.5366820704798556e-08,
                    8.744283945816278e-07
                ],
                [
                    -0.44714540243148804,
                    -0.007805047556757927,
                    0.8944271206855774,
                    -2.452739238378854e-07
                ],
                [
                    0.8942909240722656,
                    0.015610063448548317,
                    0.4472135007381439,
                    -5.590169906616211
                ],
                [
                    -0.0,
                    0.0,
                    -0.0,
                    1.0
                ]
            ]
        },
        {
            "file_path": "images/view_002.png",
            "rotation": 0.5,
            "transform_matrix": [
                [
                    -0.03489970043301582,
                    0.9993908405303955,
                    -2.4959444999694824e-07,
                    1.6320905160682742e-06
                ],
                [
                    -0.4469411373138428,
                    -0.015607397072017193,
                    0.8944272398948669,
                    -2.6401525587971264e-07
                ],
                [
                    0.8938823938369751,
                    0.031215354800224304,
                    0.4472135901451111,
                    -5.590170383453369
                ],
                [
                    -0.0,
                    -0.0,
                    -0.0,
                    1.0
                ]
            ]
        },
        {
            "file_path": "images/view_003.png",
            "rotation": 0.5,
            "transform_matrix": [
                [
                    -0.0523359440267086,
                    0.9986295700073242,
                    -8.940696716308594e-08,
                    1.7106002303535206e-07
                ],
                [
                    -0.4466007351875305,
                    -0.023405268788337708,
                    0.8944271206855774,
                    4.730642046979483e-07
                ],
                [
                    0.8932013511657715,
                    0.04681072756648064,
                    0.44721364974975586,
                    -5.590169906616211
                ],
                [
                    -0.0,
                    -0.0,
                    -0.0,
                    1.0
                ]
            ]
        },
        {
            "file_path": "images/view_004.png",
            "rotation": 0.5,
            "transform_matrix": [
                [
                    -0.06975660473108292,
                    0.9975640177726746,
                    -3.9115551686563776e-08,
                    7.361710459008464e-07
                ],
                [
                    -0.4461240768432617,
                    -0.031196054071187973,
                    0.8944272994995117,
                    -9.794165407583932e-07
                ],
                [
                    0.8922485113143921,
                    0.0623922236263752,
                    0.44721347093582153,
                    -5.590169906616211
                ],
                [
                    -0.0,
                    -0.0,
                    -0.0,
                    1.0
                ]
            ]
        },
        {
            "file_path": "images/view_005.png",
            "rotation": 0.5,
            "transform_matrix": [
                [
                    -0.08715588599443436,
                    0.9961947202682495,
                    6.705522537231445e-08,
                    5.91335037825047e-07
                ],
                [
                    -0.4455118477344513,
                    -0.03897736221551895,
                    0.8944271206855774,
                    4.568404676774662e-07
                ],
                [
                    0.891023576259613,
                    0.07795456051826477,
                    0.44721364974975586,
                    -5.590169906616211
                ],
                [
                    -0.0,
                    0.0,
                    -0.0,
                    1.0
                ]
            ]
        },
        {
            "file_path": "images/view_006.png",
            "rotation": 0.5,
            "transform_matrix": [
                [
                    -0.10452864319086075,
                    0.9945219159126282,
                    1.7136336794010276e-07,
                    4.2394836441417283e-07
                ],
                [
                    -0.44476374983787537,
                    -0.046746786683797836,
                    0.8944271802902222,
                    2.2153645318212511e-07
                ],
                [
                    0.889527440071106,
                    0.09349317848682404,
                    0.44721367955207825,
                    -5.590170383453369
                ],
                [
                    -0.0,
                    0.0,
                    -0.0,
                    1.0
                ]
            ]
        },
        {
            "file_path": "images/view_007.png",
            "rotation": 0.5,
            "transform_matrix": [
                [
                    -0.1218695193529129,
                    0.9925460815429688,
                    -3.7252898543727042e-09,
                    9.447979891774594e-07
                ],
                [
                    -0.44388002157211304,
                    -0.054501693695783615,
                    0.8944271206855774,
                    -5.447991213713976e-08
                ],
                [
                    0.8877601623535156,
                    0.10900340974330902,
                    0.4472135007381439,
                    -5.590169906616211
                ],
                [
                    -0.0,
                    -0.0,
                    -0.0,
                    1.0
                ]
            ]
        },
        {
            "file_path": "images/view_008.png",
            "rotation": 0.5,
            "transform_matrix": [
                [
                    -0.13917307555675507,
                    0.9902681112289429,
                    -1.4156104555240745e-07,
                    1.346615050579203e-07
                ],
                [
                    -0.4428614377975464,
                    -0.06223997473716736,
                    0.8944271802902222,
                    2.3195065068648546e-07
                ],
                [
                    0.8857226967811584,
                    0.1244802474975586,
                    0.44721370935440063,
                    -5.590169906616211
                ],
                [
                    -0.0,
                    -0.0,
                    -0.0,
                    1.0
                ]
            ]
        },
        {
            "file_path": "images/view_009.png",
            "rotation": 0.5,
            "transform_matrix": [
                [
                    -0.15643468499183655,
                    0.9876883029937744,
                    -1.1175870895385742e-07,
                    1.4012277915753657e-06
                ],
                [
                    -0.44170743227005005,
                    -0.06995957344770432,
                    0.8944272994995117,
                    -1.5481007267226232e-06
                ],
                [
                    0.8834154009819031,
                    0.13991950452327728,
                    0.4472133219242096,
                    -5.590169906616211
                ],
                [
                    -0.0,
                    -0.0,
                    -0.0,
                    1.0
                ]
            ]
        },
        {
            "file_path": "images/view_010.png",
            "rotation": 0.5,
            "transform_matrix": [
                [
                    -0.1736484169960022,
                    0.9848077297210693,
                    -1.341104507446289e-07,
                    1.5351025695053977e-06
                ],
                [
                    -0.44041919708251953,
                    -0.0776577740907669,
                    0.8944273591041565,
                    -1.574382622493431e-06
                ],
                [
                    0.880838930606842,
                    0.15531595051288605,
                    0.447213351726532,
                    -5.590169906616211
                ],
                [
                    -0.0,
                    -0.0,
                    -0.0,
                    1.0
                ]
            ]
        },
        {
            "file_path": "images/view_011.png",
            "rotation": 0.5,
            "transform_matrix": [
                [
                    -0.19080911576747894,
                    0.9816271066665649,
                    5.960463766996327e-08,
                    5.369825544221385e-07
                ],
                [
                    -0.43899691104888916,
                    -0.0853324756026268,
                    0.8944271206855774,
                    -2.9090369935147464e-07
                ],
                [
                    0.8779939413070679,
                    0.17066484689712524,
                    0.4472135305404663,
                    -5.590169906616211
                ],
                [
                    -0.0,
                    0.0,
                    -0.0,
                    1.0
                ]
            ]
        },
        {
            "file_path": "images/view_012.png",
            "rotation": 0.5,
            "transform_matrix": [
                [
                    -0.20791172981262207,
                    0.978147566318512,
                    2.9802322387695312e-08,
                    2.0295141212045564e-07
                ],
                [
                    -0.4374408423900604,
                    -0.09298097342252731,
                    0.8944271802902222,
                    -2.641898220190342e-07
                ],
                [
                    0.8748818039894104,
                    0.18596191704273224,
                    0.4472135305404663,
                    -5.590169906616211
                ],
                [
                    -0.0,
                    0.0,
                    -0.0,
                    1.0
                ]
            ]
        },
        {
            "file_path": "images/view_013.png",
            "rotation": 0.5,
            "transform_matrix": [
                [
                    -0.2249511331319809,
                    0.9743700623512268,
                    -1.4156103134155273e-07,
                    7.955810588100576e-07
                ],
                [
                    -0.4357515275478363,
                    -0.10060106962919235,
                    0.8944272398948669,
                    -8.044868593515275e-08
                ],
                [
                    0.8715031147003174,
                    0.20120246708393097,
                    0.4472135901451111,
                    -5.590170383453369
                ],
                [
                    -0.0,
                    -0.0,
                    -0.0,
                    1.0
                ]
            ]
        },
        {
            "file_path": "images/view_014.png",
            "rotation": 0.5,
            "transform_matrix": [
                [
                    -0.24192199110984802,
                    0.9702957272529602,
                    -9.685754776000977e-08,
                    6.88166380768962e-07
                ],
                [
                    -0.43392953276634216,
                    -0.10819073021411896,
                    0.8944271802902222,
                    4.049944095640967e-07
                ],
                [
                    0.86785888671875,
                    0.21638163924217224,
                    0.44721364974975586,
                    -5.590169906616211
                ],
                [
                    -0.0,
                    -0.0,
                    -0.0,
                    1.0
                ]
            ]
        },
        {
            "file_path": "images/view_015.png",
            "rotation": 0.5,
            "transform_matrix": [
                [
                    -0.2588192820549011,
                    0.9659258127212524,
                    -9.685754776000977e-08,
                    1.3494652648660121e-06
                ],
                [
                    -0.4319751262664795,
                    -0.11574740707874298,
                    0.8944271802902222,
                    -1.6969502780739276e-07
                ],
                [
                    0.8639503121376038,
                    0.23149502277374268,
                    0.4472135603427887,
                    -5.590169906616211
                ],
                [
                    -0.0,
                    -0.0,
                    -0.0,
                    1.0
                ]
            ]
        },
        {
            "file_path": "images/view_016.png",
            "rotation": 0.5,
            "transform_matrix": [
                [
                    -0.2756374478340149,
                    0.9612616300582886,
                    -9.685753354915505e-08,
                    6.830943561908498e-07
                ],
                [
                    -0.4298892021179199,
                    -0.123268723487854,
                    0.8944270610809326,
                    -3.4418746963638114e-07
                ],
                [
                    0.8597784638404846,
                    0.2465376853942871,
                    0.44721347093582153,
                    -5.590169429779053
                ],
                [
                    -0.0,
                    -0.0,
                    -0.0,
                    1.0
                ]
            ]
        },
        {
            "file_path": "images/view_017.png",
            "rotation": 0.5,
            "transform_matrix": [
                [
                    -0.29237163066864014,
                    0.9563047885894775,
                    -7.450580596923828e-08,
                    -2.6699166255639284e-07
                ],
                [
                    -0.42767268419265747,
                    -0.1307525634765625,
                    0.8944270610809326,
                    1.0339902019040892e-06
                ],
                [
                    0.8553449511528015,
                    0.2615051567554474,
                    0.4472137689590454,
                    -5.590169906616211
                ],
                [
                    -0.0,
                    -0.0,
                    -0.0,
                    1.0
                ]
            ]
        },
        {
            "file_path": "images/view_018.png",
            "rotation": 0.5,
            "transform_matrix": [
                [
                    -0.3090171813964844,
                    0.9510564804077148,
                    -5.21540641784668e-08,
                    9.415819022251526e-07
                ],
                [
                    -0.4253253936767578,
                    -0.13819661736488342,
                    0.8944272398948669,
                    -3.925192118003906e-07
                ],
                [
                    0.8506508469581604,
                    0.2763933837413788,
                    0.4472135603427887,
                    -5.590169906616211
                ],
                [
                    -0.0,
                    -0.0,
                    -0.0,
                    1.0
                ]
            ]
        },
        {
            "file_path": "images/view_019.png",
            "rotation": 0.5,
            "transform_matrix": [
                [
                    -0.3255683183670044,
                    0.9455184936523438,
                    -2.9802322387695312e-08,
                    1.0512969765841262e-06
                ],
                [
                    -0.42284858226776123,
                    -0.14559853076934814,
                    0.8944272398948669,
                    -9.09152163330873e-07
                ],
                [
                    0.8456975221633911,
                    0.2911972105503082,
                    0.44721344113349915,
                    -5.590169429779053
                ],
                [
                    -0.0,
                    -0.0,
                    -0.0,
                    1.0
                ]
            ]
        },
        {
            "file_path": "images/view_020.png",
            "rotation": 0.5,
            "transform_matrix": [
                [
                    -0.3420202434062958,
                    0.9396926164627075,
                    -1.1920928955078125e-07,
                    6.789903750359372e-07
                ],
                [
                    -0.420243501663208,
                    -0.1529560536146164,
                    0.8944271802902222,
                    8.961607704804919e-07
                ],
                [
                    0.8404865860939026,
                    0.30591222643852234,
                    0.4472137987613678,
                    -5.590169906616211
                ],
                [
                    -0.0,
                    -0.0,
                    -0.0,
                    1.0
                ]
            ]
        },
        {
            "file_path": "images/view_021.png",
            "rotation": 0.5,
            "transform_matrix": [
                [
                    -0.3583681583404541,
                    0.9335803389549255,
                    -4.470348358154297e-08,
                    1.210236291626643e-06
                ],
                [
                    -0.41750988364219666,
                    -0.16026709973812103,
                    0.8944271206855774,
                    2.956429909772851e-07
                ],
                [
                    0.8350196480751038,
                    0.32053425908088684,
                    0.44721364974975586,
                    -5.590169906616211
                ],
                [
                    -0.0,
                    -0.0,
                    -0.0,
                    1.0
                ]
            ]
        },
        {
            "file_path": "images/view_022.png",
            "rotation": 0.5,
            "transform_matrix": [
                [
                    -0.3746068477630615,
                    0.9271837472915649,
                    -5.960464477539063e-08,
                    1.4731933788425522e-06
                ],
                [
                    -0.4146490693092346,
                    -0.1675291657447815,
                    0.8944272398948669,
                    -1.0427546612845617e-06
                ],
                [
                    0.8292983770370483,
                    0.3350585699081421,
                    0.44721347093582153,
                    -5.590169429779053
                ],
                [
                    -0.0,
                    -0.0,
                    -0.0,
                    1.0
                ]
            ]
        },
        {
            "file_path": "images/view_023.png",
            "rotation": 0.5,
            "transform_matrix": [
                [
                    -0.39073121547698975,
                    0.9205047488212585,
                    2.9802318834981634e-08,
                    6.386806603586592e-07
                ],
                [
                    -0.41166216135025024,
                    -0.17474034428596497,
                    0.8944270610809326,
                    -3.5920180607718066e-07
                ],
                [
                    0.82332444190979,
                    0.34948065876960754,
                    0.4472135305404663,
                    -5.590169429779053
                ],
                [
                    -0.0,
                    0.0,
                    -0.0,
                    1.0
                ]
            ]
        },
        {
            "file_path": "images/view_024.png",
            "rotation": 0.5,
            "transform_matrix": [
                [
                    -0.406736820936203,
                    0.9135453701019287,
                    2.9802322387695312e-08,
                    7.645129471711698e-07
                ],
                [
                    -0.40855005383491516,
                    -0.1818983107805252,
                    0.8944270610809326,
                    9.197115673487133e-07
                ],
                [
                    0.8170997500419617,
                    0.3637964129447937,
                    0.447213739156723,
                    -5.590169429779053
                ],
                [
                    -0.0,
                    0.0,
                    -0.0,
                    1.0
                ]
            ]
        },
        {
            "file_path": "images/view_025.png",
            "rotation": 0.5,
            "transform_matrix": [
                [
                    -0.4226183593273163,
                    0.9063077569007874,
                    5.960464477539063e-08,
                    4.099946409041877e-07
                ],
                [
                    -0.4053131639957428,
                    -0.18900072574615479,
                    0.8944271802902222,
                    4.3216118683631066e-07
                ],
                [
                    0.8106262683868408,
                    0.37800130248069763,
                    0.44721364974975586,
                    -5.590170383453369
                ],
                [
                    -0.0,
                    0.0,
                    -0.0,
                    1.0
                ]
            ]
        },
        {
            "file_path": "images/view_026.png",
            "rotation": 0.5,
            "transform_matrix": [
                [
                    -0.4383713901042938,
                    0.8987939953804016,
                    -1.4901162970204496e-08,
                    1.1991988912996021e-06
                ],
                [
                    -0.401952862739563,
                    -0.19604560732841492,
                    0.8944272398948669,
                    -2.612896992104652e-07
                ],
                [
                    0.8039058446884155,
                    0.3920912742614746,
                    0.4472135901451111,
                    -5.590169906616211
                ],
                [
                    -0.0,
                    -0.0,
                    -0.0,
                    1.0
                ]
            ]
        },
        {
            "file_path": "images/view_027.png",
            "rotation": 0.5,
            "transform_matrix": [
                [
                    -0.4539906084537506,
                    0.8910065293312073,
                    -1.043081283569336e-07,
                    8.082612339421757e-07
                ],
                [
                    -0.39847028255462646,
                    -0.20303072035312653,
                    0.8944271802902222,
                    4.769614179167547e-07
                ],
                [
                    0.7969403862953186,
                    0.4060615599155426,
                    0.44721364974975586,
                    -5.590169906616211
                ],
                [
                    -0.0,
                    -0.0,
                    -0.0,
                    1.0
                ]
            ]
        },
        {
            "file_path": "images/view_028.png",
            "rotation": 0.5,
            "transform_matrix": [
                [
                    -0.46947181224823,
                    0.882947564125061,
                    4.470348358154297e-08,
                    1.3266272844703053e-06
                ],
                [
                    -0.39486607909202576,
                    -0.209954172372818,
                    0.8944271802902222,
                    -1.7457149681376904e-07
                ],
                [
                    0.7897322177886963,
                    0.419908344745636,
                    0.4472135305404663,
                    -5.590169906616211
                ],
                [
                    -0.0,
                    0.0,
                    -0.0,
                    1.0
                ]
            ]
        },
        {
            "file_path": "images/view_029.png",
            "rotation": 0.5,
            "transform_matrix": [
                [
                    -0.48480960726737976,
                    0.8746197819709778,
                    1.4901162970204496e-08,
                    -5.4053322173786e-07
                ],
                [
                    -0.3911419212818146,
                    -0.21681347489356995,
                    0.8944271802902222,
                    2.77644232937746e-07
                ],
                [
                    0.7822837233543396,
                    0.43362686038017273,
                    0.44721367955207825,
                    -5.590170383453369
                ],
                [
                    -0.0,
                    0.0,
                    -0.0,
                    1.0
                ]
            ]
        },
        {
            "file_path": "images/view_030.png",
            "rotation": 0.5,
            "transform_matrix": [
                [
                    -0.5000002384185791,
                    0.8660253286361694,
                    1.6391277313232422e-07,
                    1.0519554507482098e-06
                ],
                [
                    -0.38729825615882874,
                    -0.22360706329345703,
                    0.8944271802902222,
                    2.9374353971434175e-07
                ],
                [
                    0.7745965719223022,
                    0.447213739156723,
                    0.44721367955207825,
                    -5.590169906616211
                ],
                [
                    -0.0,
                    0.0,
                    -0.0,
                    1.0
                ]
            ]
        },
        {
            "file_path": "images/view_031.png",
            "rotation": 0.5,
            "transform_matrix": [
                [
                    -0.5150380730628967,
                    0.8571673035621643,
                    -1.341104507446289e-07,
                    2.314876894615736e-07
                ],
                [
                    -0.3833369016647339,
                    -0.2303318977355957,
                    0.8944271802902222,
                    -1.635795854326716e-07
                ],
                [
                    0.7666738033294678,
                    0.4606640934944153,
                    0.4472135603427887,
                    -5.590169906616211
                ],
                [
                    -0.0,
                    -0.0,
                    -0.0,
                    1.0
                ]
            ]
        },
        {
            "file_path": "images/view_032.png",
            "rotation": 0.5,
            "transform_matrix": [
                [
                    -0.5299193859100342,
                    0.8480480313301086,
                    -1.6391277313232422e-07,
                    8.205888093471003e-07
                ],
                [
                    -0.3792586624622345,
                    -0.23698699474334717,
                    0.8944271802902222,
                    -2.5268511194553867e-07
                ],
                [
                    0.7585172057151794,
                    0.473974347114563,
                    0.4472135305404663,
                    -5.590169906616211
                ],
                [
                    -0.0,
                    -0.0,
                    -0.0,
                    1.0
                ]
            ]
        },
        {
            "file_path": "images/view_033.png",
            "rotation": 0.5,
            "transform_matrix": [
                [
                    -0.5446390509605408,
                    0.8386706113815308,
                    0.0,
                    1.3360391903916025e-08
                ],
                [
                    -0.3750649094581604,
                    -0.243570014834404,
                    0.8944271802902222,
                    2.64880668510159e-07
                ],
                [
                    0.750129759311676,
                    0.4871399700641632,
                    0.44721364974975586,
                    -5.590169906616211
                ],
                [
                    -0.0,
                    0.0,
                    -0.0,
                    1.0
                ]
            ]
        },
        {
            "file_path": "images/view_034.png",
            "rotation": 0.5,
            "transform_matrix": [
                [
                    -0.5591928362846375,
                    0.8290376663208008,
                    -8.940696716308594e-08,
                    -2.877196436656959e-08
                ],
                [
                    -0.37075695395469666,
                    -0.25007861852645874,
                    0.8944271206855774,
                    3.309799296857818e-07
                ],
                [
                    0.7415137887001038,
                    0.5001572966575623,
                    0.44721364974975586,
                    -5.590169906616211
                ],
                [
                    -0.0,
                    -0.0,
                    -0.0,
                    1.0
                ]
            ]
        },
        {
            "file_path": "images/view_035.png",
            "rotation": 0.5,
            "transform_matrix": [
                [
                    -0.5735766887664795,
                    0.8191518783569336,
                    5.960464477539063e-08,
                    1.088831822926295e-06
                ],
                [
                    -0.36633580923080444,
                    -0.25651130080223083,
                    0.8944271802902222,
                    -7.820169400929444e-08
                ],
                [
                    0.7326717376708984,
                    0.5130226016044617,
                    0.4472135901451111,
                    -5.590170383453369
                ],
                [
                    -0.0,
                    0.0,
                    -0.0,
                    1.0
                ]
            ]
        },
        {
            "file_path": "images/view_036.png",
            "rotation": 0.5,
            "transform_matrix": [
                [
                    -0.5877854228019714,
                    0.8090168833732605,
                    -8.940696716308594e-08,
                    1.3091810160403838e-06
                ],
                [
                    -0.36180341243743896,
                    -0.2628656327724457,
                    0.8944271802902222,
                    3.4207275234621193e-07
                ],
                [
                    0.7236067056655884,
                    0.5257312655448914,
                    0.44721364974975586,
                    -5.590169906616211
                ],
                [
                    -0.0,
                    -0.0,
                    -0.0,
                    1.0
                ]
            ]
        },
        {
            "file_path": "images/view_037.png",
            "rotation": 0.5,
            "transform_matrix": [
                [
                    -0.6018151044845581,
                    0.7986354827880859,
                    1.4901161193847656e-08,
                    5.548320132220397e-07
                ],
                [
                    -0.35716068744659424,
                    -0.2691399157047272,
                    0.8944271802902222,
                    3.8081907405285165e-07
                ],
                [
                    0.7143212556838989,
                    0.5382797718048096,
                    0.44721364974975586,
                    -5.590170860290527
                ],
                [
                    -0.0,
                    0.0,
                    -0.0,
                    1.0
                ]
            ]
        },
        {
            "file_path": "images/view_038.png",
            "rotation": 0.5,
            "transform_matrix": [
                [
                    -0.6156616806983948,
                    0.7880106568336487,
                    4.470348713425665e-08,
                    1.0157766610063845e-06
                ],
                [
                    -0.3524089753627777,
                    -0.2753322124481201,
                    0.8944272398948669,
                    -8.895008818399219e-07
                ],
                [
                    0.7048181891441345,
                    0.5506646037101746,
                    0.44721344113349915,
                    -5.590169906616211
                ],
                [
                    -0.0,
                    0.0,
                    -0.0,
                    1.0
                ]
            ]
        },
        {
            "file_path": "images/view_039.png",
            "rotation": 0.5,
            "transform_matrix": [
                [
                    -0.629320502281189,
                    0.7771459221839905,
                    -7.450580596923828e-08,
                    8.054690852077329e-07
                ],
                [
                    -0.3475502133369446,
                    -0.2814406156539917,
                    0.8944271802902222,
                    -3.0008334306330653e-07
                ],
                [
                    0.6951004266738892,
                    0.5628814101219177,
                    0.4472135305404663,
                    -5.590169906616211
                ],
                [
                    -0.0,
                    -0.0,
                    -0.0,
                    1.0
                ]
            ]
        },
        {
            "file_path": "images/view_040.png",
            "rotation": 0.5,
            "transform_matrix": [
                [
                    -0.6427876353263855,
                    0.7660443782806396,
                    1.4901161193847656e-08,
                    2.0808995770948968e-07
                ],
                [
                    -0.34258562326431274,
                    -0.2874634861946106,
                    0.8944271206855774,
                    1.0989947440975811e-06
                ],
                [
                    0.6851709485054016,
                    0.5749266743659973,
                    0.4472137689590454,
                    -5.590169906616211
                ],
                [
                    -0.0,
                    0.0,
                    -0.0,
                    1.0
                ]
            ]
        },
        {
            "file_path": "images/view_041.png",
            "rotation": 0.5,
            "transform_matrix": [
                [
                    -0.6560591459274292,
                    0.7547094821929932,
                    1.4901161193847656e-08,
                    7.93586366398813e-07
                ],
                [
                    -0.3375164866447449,
                    -0.2933986783027649,
                    0.8944271206855774,
                    1.1225488378840964e-06
                ],
                [
                    0.6750326156616211,
                    0.5867971181869507,
                    0.447213739156723,
                    -5.590169906616211
                ],
                [
                    -0.0,
                    0.0,
                    -0.0,
                    1.0
                ]
            ]
        },
        {
            "file_path": "images/view_042.png",
            "rotation": 0.5,
            "transform_matrix": [
                [
                    -0.6691306829452515,
                    0.7431447505950928,
                    1.341104507446289e-07,
                    2.2524584153416072e-07
                ],
                [
                    -0.33234453201293945,
                    -0.29924455285072327,
                    0.8944271802902222,
                    1.0987278074026108e-06
                ],
                [
                    0.6646889448165894,
                    0.5984885692596436,
                    0.4472137689590454,
                    -5.590170383453369
                ],
                [
                    -0.0,
                    0.0,
                    -0.0,
                    1.0
                ]
            ]
        },
        {
            "file_path": "images/view_043.png",
            "rotation": 0.5,
            "transform_matrix": [
                [
                    -0.6819983720779419,
                    0.731353759765625,
                    1.4901162970204496e-08,
                    2.6312323431199047e-09
                ],
                [
                    -0.32707130908966064,
                    -0.3049989342689514,
                    0.8944272398948669,
                    -1.6848470352215372e-07
                ],
                [
                    0.6541427373886108,
                    0.6099979281425476,
                    0.4472135603427887,
                    -5.590170383453369
                ],
                [
                    -0.0,
                    0.0,
                    -0.0,
                    1.0
                ]
            ]
        },
        {
            "file_path": "images/view_044.png",
            "rotation": 0.5,
            "transform_matrix": [
                [
                    -0.6946584582328796,
                    0.7193397879600525,
                    1.4901162614933128e-07,
                    -2.6315734036330696e-09
                ],
                [
                    -0.32169848680496216,
                    -0.31066086888313293,
                    0.8944272398948669,
                    3.3712345270942023e-07
                ],
                [
                    0.6433971524238586,
                    0.6213213801383972,
                    0.44721367955207825,
                    -5.590170383453369
                ],
                [
                    -0.0,
                    0.0,
                    -0.0,
                    1.0
                ]
            ]
        },
        {
