{
    "camera_angle_x": 0.691111147403717,
    "images": [
        {
            "file_path": "images/view_329.png",
            "rotation": 0.5,
            "transform_matrix": [
                [
                    0.5150379538536072,
                    0.8571673631668091,
                    -4.470348358154297e-08,
                    4.890504783361393e-07
                ],
                [
                    -0.2463051825761795,
                    0.14799508452415466,
                    0.9578262567520142,
                    -7.148363323494777e-08
                ],
                [
                    0.8210174441337585,
                    -0.4933169186115265,
                    0.28734785318374634,
                    -5.22015380859375
                ],
                [
                    -0.0,
                    0.0,
                    -0.0,
                    1.0
                ]
            ]
        },
        {
            "file_path": "images/view_240.png",
            "rotation": 0.5,
            "transform_matrix": [
                [
                    0.8660253882408142,
                    -0.5,
                    -2.2351741790771484e-08,
                    -2.168904842392294e-07
                ],
                [
                    0.14367389678955078,
                    0.24885046482086182,
                    0.9578263163566589,
                    -6.652029469478293e-07
                ],
                [
                    -0.47891315817832947,
                    -0.8295019268989563,
                    0.2873477339744568,
                    -5.22015380859375
                ],
                [
                    -0.0,
                    0.0,
                    -0.0,
                    1.0
                ]
            ]
        },
        {
            "file_path": "images/view_058.png",
            "rotation": 0.5,
            "transform_matrix": [
                [
                    -0.848048210144043,
                    0.5299191474914551,
                    2.9802322387695312e-08,
                    7.35904507109808e-07
                ],
                [
                    -0.15227104723453522,
                    -0.24368475377559662,
                    0.9578263163566589,
                    -7.329138611567032e-07
                ],
                [
                    0.5075705051422119,
                    0.8122828602790833,
                    0.2873477637767792,
                    -5.220153331756592
                ],
                [
                    -0.0,
                    0.0,
                    -0.0,
                    1.0
                ]
            ]
        },
        {
            "file_path": "images/view_181.png",
            "rotation": 0.5,
            "transform_matrix": [
                [
                    0.017452266067266464,
                    -0.9998477101325989,
                    1.0710210496256423e-08,
                    -7.388019298559811e-07
                ],
                [
                    0.2873040437698364,
                    0.005014879163354635,
                    0.9578264355659485,
                    -7.116685765140573e-07
                ],
                [
                    -0.9576805233955383,
                    -0.016716236248612404,
                    0.28734779357910156,
                    -5.220153331756592
                ],
                [
                    -0.0,
                    0.0,
                    -0.0,
                    1.0
                ]
            ]
        },
        {
            "file_path": "images/view_050.png",
            "rotation": 0.5,
            "transform_matrix": [
                [
                    -0.7660444974899292,
                    0.6427876353263855,
                    0.0,
                    4.6760426641867525e-09
                ],
                [
                    -0.18470364809036255,
                    -0.22012121975421906,
                    0.9578263759613037,
                    -2.975785946546239e-07
                ],
                [
                    0.6156789064407349,
                    0.7337375283241272,
                    0.2873478829860687,
                    -5.220153331756592
                ],
                [
                    -0.0,
                    -0.0,
                    -0.0,
                    1.0
                ]
            ]
        },
        {
            "file_path": "images/view_086.png",
            "rotation": 0.5,
            "transform_matrix": [
                [
                    -0.9975639581680298,
                    0.06975647062063217,
                    1.8626449271863521e-09,
                    2.9201354223573617e-08
                ],
                [
                    -0.0200443547219038,
                    -0.28664764761924744,
                    0.9578262567520142,
                    -1.314344558522862e-06
                ],
                [
                    0.06681457906961441,
                    0.9554930925369263,
                    0.2873476445674896,
                    -5.220153331756592
                ],
                [
                    -0.0,
                    0.0,
                    -0.0,
                    1.0
                ]
            ]
        },
        {
            "file_path": "images/view_061.png",
            "rotation": 0.5,
            "transform_matrix": [
                [
                    -0.874619722366333,
                    0.4848094880580902,
                    1.0430811414607888e-07,
                    5.215277383285866e-07
                ],
                [
                    -0.1393088847398758,
                    -0.25132015347480774,
                    0.9578262567520142,
                    -2.8389155204422423e-07
                ],
                [
                    0.46436330676078796,
                    0.8377337455749512,
                    0.28734785318374634,
                    -5.220153331756592
                ],
                [
                    -0.0,
                    0.0,
                    -0.0,
                    1.0
                ]
            ]
        },
        {
            "file_path": "images/view_261.png",
            "rotation": 0.5,
            "transform_matrix": [
                [
                    0.9876883029937744,
                    -0.15643444657325745,
                    1.1175870895385742e-08,
                    5.2861796717706966e-08
                ],
                [
                    0.044951096177101135,
                    0.2838101387023926,
                    0.9578262567520142,
                    -2.331055792836878e-09
                ],
                [
                    -0.14983704686164856,
                    -0.9460338950157166,
                    0.28734785318374634,
                    -5.220153331756592
                ],
                [
                    -0.0,
                    0.0,
                    -0.0,
                    1.0
                ]
            ]
        },
        {
            "file_path": "images/view_104.png",
            "rotation": 0.5,
            "transform_matrix": [
                [
                    -0.970295786857605,
                    -0.24192187190055847,
                    -4.470348713425665e-08,
                    -2.5335842224194494e-07
                ],
                [
                    0.06951573491096497,
                    -0.2788125276565552,
                    0.9578263163566589,
                    3.9026383547025034e-07
                ],
                [
                    -0.23171913623809814,
                    0.9293747544288635,
                    0.2873480021953583,
                    -5.220153331756592
                ],
                [
                    0.0,
                    0.0,
                    -0.0,
                    1.0
                ]
            ]
        },
        {
            "file_path": "images/view_266.png",
            "rotation": 0.5,
            "transform_matrix": [
                [
                    0.9975639581680298,
                    -0.06975646317005157,
                    -5.587935003603661e-09,
                    3.118870495200099e-08
                ],
                [
                    0.020044375211000443,
                    0.28664785623550415,
                    0.9578261971473694,
                    -2.3835750084799656e-07
                ],
                [
                    -0.06681457906961441,
                    -0.9554930329322815,
                    0.2873478829860687,
                    -5.220152854919434
                ],
                [
                    -0.0,
                    0.0,
                    -0.0,
                    1.0
                ]
            ]
        },
        {
            "file_path": "images/view_280.png",
            "rotation": 0.5,
            "transform_matrix": [
                [
                    0.9848077893257141,
                    0.1736481934785843,
                    0.0,
                    -1.9552930385913214e-09
                ],
                [
                    -0.04989742115139961,
                    0.28298231959342957,
                    0.9578263163566589,
                    -7.250899329847016e-07
                ],
                [
                    0.16632480919361115,
                    -0.9432747960090637,
                    0.28734779357910156,
                    -5.220153331756592
                ],
                [
                    -0.0,
                    0.0,
                    -0.0,
                    1.0
                ]
            ]
        },
        {
            "file_path": "images/view_349.png",
            "rotation": 0.5,
            "transform_matrix": [
                [
                    0.19080904126167297,
                    0.9816272258758545,
                    -1.0803341865539551e-07,
                    -6.736740232327065e-08
                ],
                [
                    -0.2820684313774109,
                    0.05482867360115051,
                    0.9578263163566589,
                    -1.2839218754834292e-07
                ],
                [
                    0.9402283430099487,
                    -0.18276190757751465,
                    0.2873478829860687,
                    -5.22015380859375
                ],
                [
                    -0.0,
                    0.0,
                    -0.0,
                    1.0
                ]
            ]
        },
        {
            "file_path": "images/view_233.png",
            "rotation": 0.5,
            "transform_matrix": [
                [
                    0.7986354827880859,
                    -0.6018151640892029,
                    2.980232594040899e-08,
                    -7.463521001227491e-07
                ],
                [
                    0.17293021082878113,
                    0.2294861376285553,
                    0.9578263163566589,
                    -6.084531491978851e-07
                ],
                [
                    -0.5764344334602356,
                    -0.7649540901184082,
                    0.2873477637767792,
                    -5.22015380859375
                ],
                [
                    -0.0,
                    0.0,
                    -0.0,
                    1.0
                ]
            ]
        },
        {
            "file_path": "images/view_224.png",
            "rotation": 0.5,
            "transform_matrix": [
                [
                    0.6946582794189453,
                    -0.7193399667739868,
                    -2.9802322387695312e-08,
                    -7.628784146618273e-07
                ],
                [
                    0.2067006379365921,
                    0.19960838556289673,
                    0.9578263759613037,
                    -1.395783101543202e-06
                ],
                [
                    -0.6890027523040771,
                    -0.6653620004653931,
                    0.2873476445674896,
                    -5.22015380859375
                ],
                [
                    -0.0,
                    0.0,
                    -0.0,
                    1.0
                ]
            ]
        },
        {
            "file_path": "images/view_246.png",
            "rotation": 0.5,
            "transform_matrix": [
                [
                    0.9135453701019287,
                    -0.40673670172691345,
                    7.450580596923828e-09,
                    -2.5257992319893674e-07
                ],
                [
                    0.11687488853931427,
                    0.2625052332878113,
                    0.9578263163566589,
                    -6.899758773215581e-07
                ],
                [
                    -0.38958314061164856,
                    -0.8750178813934326,
                    0.2873477637767792,
                    -5.220152854919434
                ],
                [
                    -0.0,
                    0.0,
                    -0.0,
                    1.0
                ]
            ]
        },
        {
            "file_path": "images/view_081.png",
            "rotation": 0.5,
            "transform_matrix": [
                [
                    -0.9876883029937744,
                    0.15643444657325745,
                    -7.450580596923828e-09,
                    5.8509243672233424e-08
                ],
                [
                    -0.044951096177101135,
                    -0.2838100492954254,
                    0.9578263163566589,
                    -6.026944561199343e-07
                ],
                [
                    0.14983703196048737,
                    0.9460338950157166,
                    0.2873477339744568,
                    -5.220152854919434
                ],
                [
                    -0.0,
                    -0.0,
                    -0.0,
                    1.0
                ]
            ]
        },
        {
            "file_path": "images/view_041.png",
            "rotation": 0.5,
            "transform_matrix": [
                [
                    -0.656059205532074,
                    0.7547094821929932,
                    -8.940696716308594e-08,
                    1.0005579724747804e-06
                ],
                [
                    -0.216864213347435,
                    -0.18851712346076965,
                    0.9578262567520142,
                    -1.0555240237408725e-07
                ],
                [
                    0.7228806018829346,
                    0.6283907294273376,
                    0.2873478829860687,
                    -5.220153331756592
                ],
                [
                    -0.0,
                    -0.0,
                    -0.0,
                    1.0
                ]
            ]
        },
        {
            "file_path": "images/view_130.png",
            "rotation": 0.5,
            "transform_matrix": [
                [
                    -0.7660444974899292,
                    -0.6427876353263855,
                    0.0,
                    -4.6760426641867525e-09
                ],
                [
                    0.18470364809036255,
                    -0.22012121975421906,
                    0.9578263759613037,
                    -2.975785946546239e-07
                ],
                [
                    -0.6156789064407349,
                    0.7337375283241272,
                    0.2873478829860687,
                    -5.220153331756592
                ],
                [
                    -0.0,
                    0.0,
                    -0.0,
                    1.0
                ]
            ]
        },
        {
            "file_path": "images/view_283.png",
            "rotation": 0.5,
            "transform_matrix": [
                [
                    0.9743700623512268,
                    0.22495108842849731,
                    -3.725290298461914e-09,
                    2.4309326818183763e-07
                ],
                [
                    -0.06463915854692459,
                    0.27998295426368713,
                    0.9578263759613037,
                    -1.235284344147658e-06
                ],
                [
                    0.21546408534049988,
                    -0.9332773685455322,
                    0.28734761476516724,
                    -5.22015380859375
                ],
                [
                    -0.0,
                    0.0,
                    -0.0,
                    1.0
                ]
            ]
        },
        {
            "file_path": "images/view_231.png",
            "rotation": 0.5,
            "transform_matrix": [
                [
                    0.7771459221839905,
                    -0.6293204426765442,
                    4.470348358154297e-08,
                    -2.834858321421052e-07
                ],
                [
                    0.18083375692367554,
                    0.223311185836792,
                    0.9578263759613037,
                    -6.155228220450226e-07
                ],
                [
                    -0.6027796864509583,
                    -0.7443708181381226,
                    0.2873477339744568,
                    -5.220153331756592
                ],
                [
                    -0.0,
                    0.0,
                    -0.0,
                    1.0
                ]
            ]
        },
        {
            "file_path": "images/view_219.png",
            "rotation": 0.5,
            "transform_matrix": [
                [
                    0.6293203830718994,
                    -0.7771459817886353,
                    5.960464477539063e-08,
                    -4.782842779604835e-07
                ],
                [
                    0.22331120073795319,
                    0.18083390593528748,
                    0.9578262567520142,
                    -9.264299904998552e-08
                ],
                [
                    -0.7443708777427673,
                    -0.6027796268463135,
                    0.28734785318374634,
                    -5.220153331756592
                ],
                [
                    -0.0,
                    0.0,
                    -0.0,
                    1.0
                ]
            ]
        },
        {
            "file_path": "images/view_335.png",
            "rotation": 0.5,
            "transform_matrix": [
                [
                    0.4226182699203491,
                    0.9063078165054321,
                    -2.2351741790771484e-08,
                    1.3430611289777517e-08
                ],
                [
                    -0.2604255974292755,
                    0.12143845856189728,
                    0.9578263163566589,
                    -2.412706407994847e-07
                ],
                [
                    0.868085503578186,
                    -0.4047948718070984,
                    0.28734785318374634,
                    -5.220153331756592
                ],
                [
                    -0.0,
                    0.0,
                    -0.0,
                    1.0
                ]
            ]
        },
        {
            "file_path": "images/view_103.png",
            "rotation": 0.5,
            "transform_matrix": [
                [
                    -0.9743700623512268,
                    -0.2249511033296585,
                    7.450580596923828e-08,
                    2.424976912607235e-07
                ],
                [
                    0.06463931500911713,
                    -0.2799832224845886,
                    0.9578263163566589,
                    4.780239919455198e-07
                ],
                [
                    -0.21546407043933868,
                    0.9332772493362427,
                    0.2873479723930359,
                    -5.220153331756592
                ],
                [
                    -0.0,
                    0.0,
                    -0.0,
                    1.0
                ]
            ]
        },
        {
            "file_path": "images/view_161.png",
            "rotation": 0.5,
            "transform_matrix": [
                [
                    -0.32556819915771484,
                    -0.9455185532569885,
                    7.450580596923828e-08,
                    -4.981311576557346e-07
                ],
                [
                    0.2716926634311676,
                    -0.09355123341083527,
                    0.9578263163566589,
                    -6.800052005928592e-07
                ],
                [
                    -0.905642569065094,
                    0.3118378520011902,
                    0.2873477637767792,
                    -5.220152854919434
                ],
                [
                    -0.0,
                    0.0,
                    -0.0,
                    1.0
                ]
            ]
        },
        {
            "file_path": "images/view_067.png",
            "rotation": 0.5,
            "transform_matrix": [
                [
                    -0.9205048680305481,
                    0.39073115587234497,
                    -3.725290298461914e-08,
                    -1.3232893536496704e-07
                ],
                [
                    -0.11227579414844513,
                    -0.2645050883293152,
                    0.9578263163566589,
                    -1.563115148428551e-07
                ],
                [
                    0.374252587556839,
                    0.8816837668418884,
                    0.2873478829860687,
                    -5.220153331756592
                ],
                [
                    -0.0,
                    -0.0,
                    -0.0,
                    1.0
                ]
            ]
        },
        {
            "file_path": "images/view_229.png",
            "rotation": 0.5,
            "transform_matrix": [
                [
                    0.7547095417976379,
                    -0.6560590863227844,
                    -4.470348358154297e-08,
                    -4.831701403418265e-07
                ],
                [
                    0.18851713836193085,
                    0.21686406433582306,
                    0.9578263759613037,
                    -7.118110829651414e-07
                ],
                [
                    -0.6283906698226929,
                    -0.7228806614875793,
                    0.2873477637767792,
                    -5.220152854919434
                ],
                [
                    -0.0,
                    0.0,
                    -0.0,
                    1.0
                ]
            ]
        },
        {
            "file_path": "images/view_035.png",
            "rotation": 0.5,
            "transform_matrix": [
                [
                    -0.5735765099525452,
                    0.8191519975662231,
                    -2.9802322387695312e-08,
                    2.36775662187938e-07
                ],
                [
                    -0.2353815883398056,
                    -0.16481594741344452,
                    0.9578262567520142,
                    -1.6602616881300492e-07
                ],
                [
                    0.7846053242683411,
                    0.5493866205215454,
                    0.28734785318374634,
                    -5.220152854919434
                ],
                [
                    -0.0,
                    -0.0,
                    -0.0,
                    1.0
                ]
            ]
        },
        {
            "file_path": "images/view_001.png",
            "rotation": 0.5,
            "transform_matrix": [
                [
                    -0.01745247095823288,
                    0.9998477101325989,
                    7.636845111846924e-08,
                    2.0952204238255945e-07
                ],
                [
                    -0.28730422258377075,
                    -0.005015005823224783,
                    0.9578262567520142,
                    4.7588679308319115e-07
                ],
                [
                    0.9576804041862488,
                    0.01671641319990158,
                    0.2873480021953583,
                    -5.220153331756592
                ],
                [
                    -0.0,
                    0.0,
                    -0.0,
                    1.0
                ]
            ]
        },
        {
            "file_path": "images/view_073.png",
            "rotation": 0.5,
            "transform_matrix": [
                [
                    -0.9563047289848328,
                    0.29237186908721924,
                    -1.1175871605928478e-07,
                    -4.949618528371502e-07
                ],
                [
                    -0.08401256054639816,
                    -0.27479222416877747,
                    0.9578263163566589,
                    3.332878293349495e-07
                ],
                [
                    0.2800414264202118,
                    0.9159738421440125,
                    0.2873480021953583,
                    -5.220153331756592
                ],
                [
                    -0.0,
                    -0.0,
                    -0.0,
                    1.0
                ]
            ]
        },
        {
            "file_path": "images/view_003.png",
            "rotation": 0.5,
            "transform_matrix": [
                [
                    -0.052336063235998154,
                    0.9986295104026794,
                    3.3527612686157227e-08,
                    4.969368205820501e-07
                ],
                [
                    -0.28695395588874817,
                    -0.015038682147860527,
                    0.9578263163566589,
                    -6.041980213922216e-07
                ],
                [
                    0.9565136432647705,
                    0.05012884363532066,
                    0.2873477637767792,
                    -5.220153331756592
                ],
                [
                    -0.0,
                    0.0,
                    -0.0,
                    1.0
                ]
            ]
        },
        {
            "file_path": "images/view_100.png",
            "rotation": 0.5,
            "transform_matrix": [
                [
                    -0.9848077893257141,
                    -0.17364805936813354,
                    -1.0058283805847168e-07,
                    -4.4105010488237895e-07
                ],
                [
                    0.04989730566740036,
                    -0.2829824388027191,
                    0.9578263163566589,
                    -2.166836168271402e-07
                ],
                [
                    -0.1663247048854828,
                    0.9432747960090637,
                    0.2873478829860687,
                    -5.22015380859375
                ],
                [
                    0.0,
                    0.0,
                    -0.0,
                    1.0
                ]
            ]
        },
        {
            "file_path": "images/view_252.png",
            "rotation": 0.5,
            "transform_matrix": [
                [
                    0.9510565400123596,
                    -0.3090170621871948,
                    -7.450581485102248e-09,
                    -1.3211537464030698e-07
                ],
                [
                    0.08879537880420685,
                    0.273283988237381,
                    0.9578263759613037,
                    -7.723429007455707e-07
                ],
                [
                    -0.29598468542099,
                    -0.9109469652175903,
                    0.2873477637767792,
                    -5.220153331756592
                ],
                [
                    -0.0,
                    0.0,
                    -0.0,
                    1.0
                ]
            ]
        },
        {
            "file_path": "images/view_196.png",
            "rotation": 0.5,
            "transform_matrix": [
                [
                    0.27563729882240295,
                    -0.9612617492675781,
                    4.470348713425665e-08,
                    -4.96914424275019e-07
                ],
                [
                    0.27621641755104065,
                    0.07920379936695099,
                    0.9578263759613037,
                    -7.03977264038258e-07
                ],
                [
                    -0.9207218289375305,
                    -0.2640126645565033,
                    0.2873477637767792,
                    -5.220153331756592
                ],
                [
                    -0.0,
                    0.0,
                    -0.0,
                    1.0
                ]
            ]
        },
        {
            "file_path": "images/view_207.png",
            "rotation": 0.5,
            "transform_matrix": [
                [
                    0.4539904296398163,
                    -0.891006588935852,
                    -1.4901161193847656e-08,
                    -2.603381972221541e-07
                ],
                [
                    0.2560287415981293,
                    0.13045312464237213,
                    0.9578263759613037,
                    -6.122610898273706e-07
                ],
                [
                    -0.8534295558929443,
                    -0.4348439872264862,
                    0.2873477637767792,
                    -5.22015380859375
                ],
                [
                    -0.0,
                    0.0,
                    -0.0,
                    1.0
                ]
            ]
        },
        {
            "file_path": "images/view_321.png",
            "rotation": 0.5,
            "transform_matrix": [
                [
                    0.6293203830718994,
                    0.7771459817886353,
                    -5.960464477539063e-08,
                    4.782842779604835e-07
                ],
                [
                    -0.22331120073795319,
                    0.18083390593528748,
                    0.9578262567520142,
                    -9.264299904998552e-08
                ],
                [
                    0.7443708777427673,
                    -0.6027796268463135,
                    0.28734785318374634,
                    -5.220153331756592
                ],
                [
                    -0.0,
                    0.0,
                    -0.0,
                    1.0
                ]
            ]
        },
        {
            "file_path": "images/view_096.png",
            "rotation": 0.5,
            "transform_matrix": [
                [
                    -0.9945219159126282,
                    -0.10452849417924881,
                    3.166496753692627e-08,
                    1.225068473331703e-07
                ],
                [
                    0.030036060139536858,
                    -0.2857736349105835,
                    0.9578263163566589,
                    -7.222407134577224e-07
                ],
                [
                    -0.10012013465166092,
                    0.9525792598724365,
                    0.2873477637767792,
                    -5.220152854919434
                ],
                [
                    -0.0,
                    0.0,
                    -0.0,
                    1.0
                ]
            ]
        },
        {
            "file_path": "images/view_298.png",
            "rotation": 0.5,
            "transform_matrix": [
                [
                    0.8829476237297058,
                    0.46947160363197327,
                    6.705522537231445e-08,
                    1.4059050101877801e-07
                ],
                [
                    -0.13490167260169983,
                    0.2537129819393158,
                    0.9578263163566589,
                    -5.889183398721798e-07
                ],
                [
                    0.44967222213745117,
                    -0.8457103967666626,
                    0.2873477637767792,
                    -5.220153331756592
                ],
                [
                    -0.0,
                    0.0,
                    -0.0,
                    1.0
                ]
            ]
        },
        {
            "file_path": "images/view_102.png",
            "rotation": 0.5,
            "transform_matrix": [
                [
                    -0.9781476259231567,
                    -0.20791161060333252,
                    -8.195638656616211e-08,
                    -2.509839021058724e-07
                ],
                [
                    0.05974287912249565,
                    -0.2810686528682709,
                    0.9578263163566589,
                    -2.2701233604038862e-07
                ],
                [
                    -0.19914324581623077,
                    0.9368955492973328,
                    0.2873478829860687,
                    -5.22015380859375
                ],
                [
                    0.0,
                    0.0,
                    -0.0,
                    1.0
                ]
            ]
        },
        {
            "file_path": "images/view_340.png",
            "rotation": 0.5,
            "transform_matrix": [
                [
                    0.3420199155807495,
                    0.9396927356719971,
                    2.9802322387695312e-08,
                    1.2560167306219228e-06
                ],
                [
                    -0.2700185775756836,
                    0.09827863425016403,
                    0.9578262567520142,
                    -7.433687301272585e-07
                ],
                [
                    0.9000623822212219,
                    -0.32759568095207214,
                    0.2873477339744568,
                    -5.220152854919434
                ],
                [
                    -0.0,
                    0.0,
                    -0.0,
                    1.0
                ]
            ]
        },
        {
            "file_path": "images/view_004.png",
            "rotation": 0.5,
            "transform_matrix": [
                [
                    -0.06975659728050232,
                    0.9975640773773193,
                    -6.146728992462158e-08,
                    7.137014677027764e-07
                ],
                [
                    -0.28664788603782654,
                    -0.020044350996613503,
                    0.9578263163566589,
                    -2.5290984240200487e-07
                ],
                [
                    0.9554930925369263,
                    0.06681472063064575,
                    0.2873478829860687,
                    -5.220152854919434
                ],
                [
                    -0.0,
                    -0.0,
                    -0.0,
                    1.0
                ]
            ]
        },
        {
            "file_path": "images/view_126.png",
            "rotation": 0.5,
            "transform_matrix": [
                [
                    -0.8090171217918396,
                    -0.5877851843833923,
                    1.4901161193847656e-08,
                    -5.108520326757571e-07
                ],
                [
                    0.168898805975914,
                    -0.2324693202972412,
                    0.9578263163566589,
                    -1.5784996776346816e-07
                ],
                [
                    -0.5629960894584656,
                    0.7748978137969971,
                    0.2873478829860687,
                    -5.22015380859375
                ],
                [
                    0.0,
                    0.0,
                    -0.0,
                    1.0
                ]
            ]
        },
        {
            "file_path": "images/view_072.png",
            "rotation": 0.5,
            "transform_matrix": [
                [
                    -0.9510565400123596,
                    0.3090170919895172,
                    1.4901162970204496e-08,
                    -2.4791563646431314e-07
                ],
                [
                    -0.08879537135362625,
                    -0.27328407764434814,
                    0.9578263163566589,
                    -2.7279668302071514e-07
                ],
                [
                    0.29598468542099,
                    0.9109469652175903,
                    0.2873478829860687,
                    -5.220153331756592
                ],
                [
                    -0.0,
                    0.0,
                    -0.0,
                    1.0
                ]
            ]
        },
        {
            "file_path": "images/view_269.png",
            "rotation": 0.5,
            "transform_matrix": [
                [
                    0.9998477101325989,
                    -0.017452413216233253,
                    9.31322685637781e-10,
                    -2.339535321027597e-08
                ],
                [
                    0.005014908500015736,
                    0.2873039245605469,
                    0.9578264355659485,
                    -1.311622668254131e-06
                ],
                [
                    -0.016716381534934044,
                    -0.9576805830001831,
                    0.287347674369812,
                    -5.22015380859375
                ],
                [
                    -0.0,
                    0.0,
                    -0.0,
                    1.0
                ]
            ]
        },
        {
            "file_path": "images/view_353.png",
            "rotation": 0.5,
            "transform_matrix": [
                [
                    0.12186919897794724,
                    0.9925462007522583,
                    1.1175870895385742e-07,
                    4.949009735355503e-07
                ],
                [
                    -0.28520599007606506,
                    0.03501874580979347,
                    0.9578262567520142,
                    -1.0379283565953301e-07
                ],
                [
                    0.9506868124008179,
                    -0.11672956496477127,
                    0.28734785318374634,
                    -5.220153331756592
                ],
                [
                    -0.0,
                    0.0,
                    -0.0,
                    1.0
                ]
            ]
        },
        {
            "file_path": "images/view_044.png",
            "rotation": 0.5,
            "transform_matrix": [
                [
                    -0.6946584582328796,
                    0.7193397283554077,
                    1.043081283569336e-07,
                    2.7764485821535345e-07
                ],
                [
                    -0.2067006528377533,
                    -0.1996086984872818,
                    0.9578262567520142,
                    -1.656195109944747e-07
                ],
                [
                    0.689002513885498,
                    0.6653621792793274,
                    0.28734785318374634,
                    -5.220153331756592
                ],
                [
                    -0.0,
                    0.0,
                    -0.0,
                    1.0
                ]
            ]
        },
        {
