{
    "camera_angle_x": 0.691111147403717,
    "images": [
        {
            "file_path": "images/view_016.png",
            "rotation": 0.5,
            "transform_matrix": [
                [
                    -0.3420201539993286,
                    -0.9396926760673523,
                    -4.470348713425665e-08,
                    3.60059885906594e-07
                ],
                [
                    0.2700187861919403,
                    -0.09827883541584015,
                    0.9578263163566589,
                    5.296243443808635e-07
                ],
                [
                    -0.9000623226165771,
                    0.32759588956832886,
                    0.2873479723930359,
                    -5.22015380859375
                ],
                [
                    0.0,
                    0.0,
                    -0.0,
                    1.0
                ]
            ]
        },
        {
            "file_path": "images/view_026.png",
            "rotation": 0.5,
            "transform_matrix": [
                [
                    0.9848077893257141,
                    -0.1736481934785843,
                    0.0,
                    1.9552930385913214e-09
                ],
                [
                    0.04989742115139961,
                    0.28298231959342957,
                    0.9578263163566589,
                    -7.250899329847016e-07
                ],
                [
                    -0.16632480919361115,
                    -0.9432747960090637,
                    0.28734779357910156,
                    -5.220153331756592
                ],
                [
                    -0.0,
                    0.0,
                    -0.0,
                    1.0
                ]
            ]
        },
        {
            "file_path": "images/view_009.png",
            "rotation": 0.5,
            "transform_matrix": [
                [
                    -1.0,
                    1.5099578831723193e-07,
                    -1.4462774799994804e-07,
                    -5.380373409025196e-07
                ],
                [
                    -1.8191659023614193e-07,
                    -0.2873479723930359,
                    0.9578262567520142,
                    4.768370445162873e-07
                ],
                [
                    1.0306925446457171e-07,
                    0.9578262567520142,
                    0.2873479723930359,
                    -5.220153331756592
                ],
                [
                    -0.0,
                    -0.0,
                    -0.0,
                    1.0
                ]
            ]
        },
        {
            "file_path": "images/view_014.png",
            "rotation": 0.5,
            "transform_matrix": [
                [
                    -0.6427876353263855,
                    -0.7660444378852844,
                    -4.470348358154297e-08,
                    5.130004865350202e-09
                ],
                [
                    0.2201211303472519,
                    -0.18470363318920135,
                    0.9578263759613037,
                    -7.63103116696584e-07
                ],
                [
                    -0.7337375283241272,
                    0.6156789064407349,
                    0.2873477637767792,
                    -5.220153331756592
                ],
                [
                    0.0,
                    0.0,
                    -0.0,
                    1.0
                ]
            ]
        },
        {
            "file_path": "images/view_023.png",
            "rotation": 0.5,
            "transform_matrix": [
                [
                    0.7660443782806396,
                    -0.6427876949310303,
                    7.450580596923828e-08,
                    -7.375717814284144e-07
                ],
                [
                    0.18470361828804016,
                    0.22012124955654144,
                    0.9578262567520142,
                    -1.53252472046006e-07
                ],
                [
                    -0.6156789660453796,
                    -0.7337374687194824,
                    0.28734785318374634,
                    -5.220153331756592
                ],
                [
                    -0.0,
                    0.0,
                    -0.0,
                    1.0
                ]
            ]
        },
        {
            "file_path": "images/view_002.png",
            "rotation": 0.5,
            "transform_matrix": [
                [
                    -0.3420201539993286,
                    0.9396926760673523,
                    4.470348713425665e-08,
                    -3.60059885906594e-07
                ],
                [
                    -0.2700187861919403,
                    -0.09827883541584015,
                    0.9578263163566589,
                    5.296243443808635e-07
                ],
                [
                    0.9000623226165771,
                    0.32759588956832886,
                    0.2873479723930359,
                    -5.22015380859375
                ],
                [
                    -0.0,
                    0.0,
                    -0.0,
                    1.0
                ]
            ]
        },
        {
            "file_path": "images/view_028.png",
            "rotation": 0.5,
            "transform_matrix": [
                [
                    0.9848077893257141,
                    0.1736481934785843,
                    0.0,
                    -1.9552930385913214e-09
                ],
                [
                    -0.04989742115139961,
                    0.28298231959342957,
                    0.9578263163566589,
                    -7.250899329847016e-07
                ],
                [
                    0.16632480919361115,
                    -0.9432747960090637,
                    0.28734779357910156,
                    -5.220153331756592
                ],
                [
                    -0.0,
                    0.0,
                    -0.0,
                    1.0
                ]
            ]
        },
        {
            "file_path": "images/view_003.png",
            "rotation": 0.5,
            "transform_matrix": [
                [
                    -0.5,
                    0.8660253882408142,
                    3.725290298461914e-08,
                    2.3754208200443827e-07
                ],
                [
                    -0.24885062873363495,
                    -0.14367403090000153,
                    0.9578262567520142,
                    5.321624030329986e-07
                ],
                [
                    0.8295018672943115,
                    0.47891318798065186,
                    0.2873479723930359,
                    -5.220153331756592
                ],
                [
                    -0.0,
                    0.0,
                    -0.0,
                    1.0
                ]
            ]
        },
        {
            "file_path": "images/view_024.png",
            "rotation": 0.5,
            "transform_matrix": [
                [
                    0.8660253882408142,
                    -0.5,
                    -2.2351741790771484e-08,
                    -2.168904842392294e-07
                ],
                [
                    0.14367389678955078,
                    0.24885046482086182,
                    0.9578263163566589,
                    -6.652029469478293e-07
                ],
                [
                    -0.47891315817832947,
                    -0.8295019268989563,
                    0.2873477339744568,
                    -5.22015380859375
                ],
                [
                    -0.0,
                    0.0,
                    -0.0,
                    1.0
                ]
            ]
        },
        {
            "file_path": "images/view_032.png",
            "rotation": 0.5,
            "transform_matrix": [
                [
                    0.6427875757217407,
                    0.7660444974899292,
                    -5.960464477539063e-08,
                    2.4615988536424993e-07
                ],
                [
                    -0.22012118995189667,
                    0.18470369279384613,
                    0.9578263163566589,
                    -2.592654766431224e-07
                ],
                [
                    0.7337375283241272,
                    -0.6156789064407349,
                    0.2873478829860687,
                    -5.220153331756592
                ],
                [
                    -0.0,
                    0.0,
                    -0.0,
                    1.0
                ]
            ]
        },
        {
            "file_path": "images/view_010.png",
            "rotation": 0.5,
            "transform_matrix": [
                [
                    -0.9848077893257141,
                    -0.17364805936813354,
                    -1.0058283805847168e-07,
                    -4.4105010488237895e-07
                ],
                [
                    0.04989730566740036,
                    -0.2829824388027191,
                    0.9578263163566589,
                    -2.166836168271402e-07
                ],
                [
                    -0.1663247048854828,
                    0.9432747960090637,
                    0.2873478829860687,
                    -5.22015380859375
                ],
                [
                    0.0,
                    0.0,
                    -0.0,
                    1.0
                ]
            ]
        },
        {
            "file_path": "images/view_004.png",
            "rotation": 0.5,
            "transform_matrix": [
                [
                    -0.6427876353263855,
                    0.7660444378852844,
                    4.470348358154297e-08,
                    -5.130004865350202e-09
                ],
                [
                    -0.2201211303472519,
                    -0.18470363318920135,
                    0.9578263759613037,
                    -7.63103116696584e-07
                ],
                [
                    0.7337375283241272,
                    0.6156789064407349,
                    0.2873477637767792,
                    -5.220153331756592
                ],
                [
                    -0.0,
                    0.0,
                    -0.0,
                    1.0
                ]
            ]
        },
        {
            "file_path": "images/view_022.png",
            "rotation": 0.5,
            "transform_matrix": [
                [
                    0.6427875757217407,
                    -0.7660444974899292,
                    5.960464477539063e-08,
                    -2.4615988536424993e-07
                ],
                [
                    0.22012118995189667,
                    0.18470369279384613,
                    0.9578263163566589,
                    -2.592654766431224e-07
                ],
                [
                    -0.7337375283241272,
                    -0.6156789064407349,
                    0.2873478829860687,
                    -5.220153331756592
                ],
                [
                    -0.0,
                    0.0,
                    -0.0,
                    1.0
                ]
            ]
        },
        {
            "file_path": "images/view_008.png",
            "rotation": 0.5,
            "transform_matrix": [
                [
                    -0.9848077893257141,
                    0.17364805936813354,
                    1.0058283805847168e-07,
                    4.4105010488237895e-07
                ],
                [
                    -0.04989730566740036,
                    -0.2829824388027191,
                    0.9578263163566589,
                    -2.166836168271402e-07
                ],
                [
                    0.1663247048854828,
                    0.9432747960090637,
                    0.2873478829860687,
                    -5.22015380859375
                ],
                [
                    -0.0,
                    0.0,
                    -0.0,
                    1.0
                ]
            ]
        },
        {
            "file_path": "images/view_031.png",
            "rotation": 0.5,
            "transform_matrix": [
                [
                    0.7660443782806396,
                    0.6427876949310303,
                    -7.450580596923828e-08,
                    7.375717814284144e-07
                ],
                [
                    -0.18470361828804016,
                    0.22012124955654144,
                    0.9578262567520142,
                    -1.53252472046006e-07
                ],
                [
                    0.6156789660453796,
                    -0.7337374687194824,
                    0.28734785318374634,
                    -5.220153331756592
                ],
                [
                    -0.0,
                    0.0,
                    -0.0,
                    1.0
                ]
            ]
        },
        {
            "file_path": "images/view_025.png",
            "rotation": 0.5,
            "transform_matrix": [
                [
                    0.9396926164627075,
                    -0.3420201539993286,
                    -4.470348358154297e-08,
                    8.16547185422678e-09
                ],
                [
                    0.0982787236571312,
                    0.27001845836639404,
                    0.9578263759613037,
                    -1.3851158655597828e-06
                ],
                [
                    -0.32759591937065125,
                    -0.9000623822212219,
                    0.28734761476516724,
                    -5.220152854919434
                ],
                [
                    -0.0,
                    0.0,
                    -0.0,
                    1.0
                ]
            ]
        },
        {
            "file_path": "images/view_034.png",
            "rotation": 0.5,
            "transform_matrix": [
                [
                    0.3420199155807495,
                    0.9396927356719971,
                    2.9802322387695312e-08,
                    1.2560167306219228e-06
                ],
                [
                    -0.2700185775756836,
                    0.09827863425016403,
                    0.9578262567520142,
                    -7.433687301272585e-07
                ],
                [
                    0.9000623822212219,
                    -0.32759568095207214,
                    0.2873477339744568,
                    -5.220152854919434
                ],
                [
                    -0.0,
                    0.0,
                    -0.0,
                    1.0
                ]
            ]
        },
        {
            "file_path": "images/view_012.png",
            "rotation": 0.5,
            "transform_matrix": [
                [
                    -0.8660253882408142,
                    -0.5000000596046448,
                    8.195638656616211e-08,
                    2.3172307805907622e-07
                ],
                [
                    0.14367395639419556,
                    -0.24885043501853943,
                    0.9578263759613037,
                    -6.950052693355246e-07
                ],
                [
                    -0.47891318798065186,
                    0.8295019268989563,
                    0.2873477637767792,
                    -5.22015380859375
                ],
                [
                    -0.0,
                    0.0,
                    -0.0,
                    1.0
                ]
            ]
        },
        {
            "file_path": "images/view_021.png",
            "rotation": 0.5,
            "transform_matrix": [
                [
                    0.49999985098838806,
                    -0.866025447845459,
                    -1.4901161193847656e-08,
                    -7.410617399727926e-07
                ],
                [
                    0.2488505095243454,
                    0.143673837184906,
                    0.9578263759613037,
                    -5.757960934715811e-07
                ],
                [
                    -0.8295020461082458,
                    -0.4789130389690399,
                    0.2873477637767792,
                    -5.22015380859375
                ],
                [
                    -0.0,
                    0.0,
                    -0.0,
                    1.0
                ]
            ]
        },
        {
            "file_path": "images/view_030.png",
            "rotation": 0.5,
            "transform_matrix": [
                [
                    0.8660253882408142,
                    0.5,
                    2.2351741790771484e-08,
                    2.168904842392294e-07
                ],
                [
                    -0.14367389678955078,
                    0.24885046482086182,
                    0.9578263163566589,
                    -6.652029469478293e-07
                ],
                [
                    0.47891315817832947,
                    -0.8295019268989563,
                    0.2873477339744568,
                    -5.22015380859375
                ],
                [
                    -0.0,
                    0.0,
                    -0.0,
                    1.0
                ]
            ]
        },
        {
            "file_path": "images/view_029.png",
            "rotation": 0.5,
            "transform_matrix": [
                [
                    0.9396926164627075,
                    0.3420201539993286,
                    4.470348358154297e-08,
                    -8.16547185422678e-09
                ],
                [
                    -0.0982787236571312,
                    0.27001845836639404,
                    0.9578263759613037,
                    -1.3851158655597828e-06
                ],
                [
                    0.32759591937065125,
                    -0.9000623822212219,
                    0.28734761476516724,
                    -5.220152854919434
                ],
                [
                    -0.0,
                    0.0,
                    -0.0,
                    1.0
                ]
            ]
        },
        {
            "file_path": "images/view_000.png",
            "rotation": 0.5,
            "transform_matrix": [
                [
                    7.549790126404332e-08,
                    1.0,
                    -1.7763568394002505e-15,
                    -3.774895276364987e-07
                ],
                [
                    -0.28734785318374634,
                    2.1694159357821263e-08,
                    0.9578263163566589,
                    -2.384185791015625e-07
                ],
                [
                    0.9578263163566589,
                    -7.231387399997402e-08,
                    0.28734785318374634,
                    -5.220153331756592
                ],
                [
                    -0.0,
                    0.0,
                    -0.0,
                    1.0
                ]
            ]
        },
        {
            "file_path": "images/view_033.png",
            "rotation": 0.5,
            "transform_matrix": [
                [
                    0.49999985098838806,
                    0.866025447845459,
                    1.4901161193847656e-08,
                    7.410617399727926e-07
                ],
                [
                    -0.2488505095243454,
                    0.143673837184906,
                    0.9578263759613037,
                    -5.757960934715811e-07
                ],
                [
                    0.8295020461082458,
                    -0.4789130389690399,
                    0.2873477637767792,
                    -5.22015380859375
                ],
                [
                    -0.0,
                    0.0,
                    -0.0,
                    1.0
                ]
            ]
        },
        {
            "file_path": "images/view_017.png",
            "rotation": 0.5,
            "transform_matrix": [
                [
                    -0.1736484169960022,
                    -0.9848077297210693,
                    1.564621925354004e-07,
                    -1.4294286074800766e-06
                ],
                [
                    0.28298240900039673,
                    -0.04989735037088394,
                    0.9578263163566589,
                    -1.9243735494001157e-07
                ],
                [
                    -0.943274736404419,
                    0.16632506251335144,
                    0.2873478829860687,
                    -5.22015380859375
                ],
                [
                    -0.0,
                    0.0,
                    -0.0,
                    1.0
                ]
            ]
        },
        {
            "file_path": "images/view_015.png",
            "rotation": 0.5,
            "transform_matrix": [
                [
                    -0.5,
                    -0.8660253882408142,
                    -3.725290298461914e-08,
                    -2.3754208200443827e-07
                ],
                [
                    0.24885062873363495,
                    -0.14367403090000153,
                    0.9578262567520142,
                    5.321624030329986e-07
                ],
                [
                    -0.8295018672943115,
                    0.47891318798065186,
                    0.2873479723930359,
                    -5.220153331756592
                ],
                [
                    0.0,
                    0.0,
                    -0.0,
                    1.0
                ]
            ]
        },
        {
            "file_path": "images/view_018.png",
            "rotation": 0.5,
            "transform_matrix": [
                [
                    7.549790126404332e-08,
                    -1.0,
                    1.7763568394002505e-15,
                    3.774895276364987e-07
                ],
                [
                    0.28734785318374634,
                    2.1694159357821263e-08,
                    0.9578263163566589,
                    -2.384185791015625e-07
                ],
                [
                    -0.9578263163566589,
                    -7.231387399997402e-08,
                    0.28734785318374634,
                    -5.220153331756592
                ],
                [
                    -0.0,
                    0.0,
                    -0.0,
                    1.0
                ]
            ]
        },
        {
            "file_path": "images/view_013.png",
            "rotation": 0.5,
            "transform_matrix": [
                [
                    -0.7660444974899292,
                    -0.6427876353263855,
                    0.0,
                    -4.6760426641867525e-09
                ],
                [
                    0.18470364809036255,
                    -0.22012121975421906,
                    0.9578263759613037,
                    -2.975785946546239e-07
                ],
                [
                    -0.6156789064407349,
                    0.7337375283241272,
                    0.2873478829860687,
                    -5.220153331756592
                ],
                [
                    -0.0,
                    0.0,
                    -0.0,
                    1.0
                ]
            ]
        },
        {
            "file_path": "images/view_035.png",
            "rotation": 0.5,
            "transform_matrix": [
                [
                    0.17364798486232758,
                    0.9848077893257141,
                    -8.940696716308594e-08,
                    1.1181434729223838e-06
                ],
                [
                    -0.28298231959342957,
                    0.0498974435031414,
                    0.9578263163566589,
                    -6.707510920023196e-07
                ],
                [
                    0.9432747960090637,
                    -0.16632458567619324,
                    0.2873477339744568,
                    -5.220153331756592
                ],
                [
                    -0.0,
                    0.0,
                    -0.0,
                    1.0
                ]
            ]
        }
    ]
}